matrix {{-2}}
matrix {{4}}
matrix {{-8, -4}, {0, -14}}
matrix {{16, 8}, {0, 28}}
matrix {{-32, -16}, {0, -56}}
matrix {{64, 32, 16}, {0, 112, 112}, {0, 0, 196}}
matrix {{-128, -64, -32, -16}, {0, -224, -224, -128}, {0, 0, -392, -196}, {0, 0, 0, -254}}
matrix {{256, 128, 64, 32}, {0, 448, 448, 256}, {0, 0, 784, 392}, {0, 0, 0, 508}}
matrix {{-512, -256, -128, -64, -64}, {0, -896, -896, -512, -672}, {0, 0, -1568, -784, -2352}, {0, 0, 0, -1016, 0}, {0, 0, 0, 0, -2744}}
matrix {{1024, 512, 256, 128, 128, 64}, {0, 1792, 1792, 1024, 1344, 736}, {0, 0, 3136, 1568, 4704, 2576}, {0, 0, 0, 2032, 0, 1016}, {0, 0, 0, 0, 5488, 2744}, {0, 0, 0, 0, 0, 3556}}
matrix {{-2048, -1024, -512, -256, -256, -128}, {0, -3584, -3584, -2048, -2688, -1472}, {0, 0, -6272, -3136, -9408, -5152}, {0, 0, 0, -4064, 0, -2032}, {0, 0, 0, 0, -10976, -5488}, {0, 0, 0, 0, 0, -7112}}
matrix {{4096, 2048, 1024, 512, 512, 256, 256}, {0, 7168, 7168, 4096, 5376, 2944, 3584}, {0, 0, 12544, 6272, 18816, 10304, 18816}, {0, 0, 0, 8128, 0, 4064, 0}, {0, 0, 0, 0, 21952, 10976, 43904}, {0, 0, 0, 0, 0, 14224, 0}, {0, 0, 0, 0, 0, 0, 38416}}
matrix {{-8192, -4096, -2048, -1024, -1024, -512, -512, -256}, {0, -14336, -14336, -8192, -10752, -5888, -7168, -3840}, {0, 0, -25088, -12544, -37632, -20608, -37632, -20608}, {0, 0, 0, -16256, 0, -8128, 0, -4064}, {0, 0, 0, 0, -43904, -21952, -87808, -47040}, {0, 0, 0, 0, 0, -28448, 0, -28448}, {0, 0, 0, 0, 0, 0, -76832, -38416}, {0, 0, 0, 0, 0, 0, 0, -49784}}
matrix {{16384, 8192, 4096, 2048, 2048, 1024, 1024, 512, 256}, {0, 28672, 28672, 16384, 21504, 11776, 14336, 7680, 4096}, {0, 0, 50176, 25088, 75264, 41216, 75264, 41216, 22656}, {0, 0, 0, 32512, 0, 16256, 0, 8128, 8128}, {0, 0, 0, 0, 87808, 43904, 175616, 94080, 50176}, {0, 0, 0, 0, 0, 56896, 0, 56896, 65024}, {0, 0, 0, 0, 0, 0, 153664, 76832, 38416}, {0, 0, 0, 0, 0, 0, 0, 99568, 99568}, {0, 0, 0, 0, 0, 0, 0, 0, 64516}}
matrix {{-32768, -16384, -8192, -4096, -4096, -2048, -2048, -1024, -512, -1024, -256}, {0, -57344, -57344, -32768, -43008, -23552, -28672, -15360, -8192, -17920, -4352}, {0, 0, -100352, -50176, -150528, -82432, -150528, -82432, -45312, -125440, -26240}, {0, 0, 0, -65024, 0, -32512, 0, -16256, -16256, 0, -8384}, {0, 0, 0, 0, -175616, -87808, -351232, -188160, -100352, -439040, -68992}, {0, 0, 0, 0, 0, -113792, 0, -113792, -130048, 0, -65024}, {0, 0, 0, 0, 0, 0, -307328, -153664, -76832, -768320, -82320}, {0, 0, 0, 0, 0, 0, 0, -199136, -199136, 0, -99568}, {0, 0, 0, 0, 0, 0, 0, 0, -129032, 0, -64516}, {0, 0, 0, 0, 0, 0, 0, 0, 0, -537824, -38416}, {0, 0, 0, 0, 0, 0, 0, 0, 0, 0, -65534}}
matrix {{65536, 32768, 16384, 8192, 8192, 4096, 4096, 2048, 1024, 2048, 512, 1024}, {0, 114688, 114688, 65536, 86016, 47104, 57344, 30720, 16384, 35840, 8704, 18944}, {0, 0, 200704, 100352, 301056, 164864, 301056, 164864, 90624, 250880, 52480, 136192}, {0, 0, 0, 130048, 0, 65024, 0, 32512, 32512, 0, 16768, 16256}, {0, 0, 0, 0, 351232, 175616, 702464, 376320, 200704, 878080, 137984, 476672}, {0, 0, 0, 0, 0, 227584, 0, 227584, 260096, 0, 130048, 170688}, {0, 0, 0, 0, 0, 0, 614656, 307328, 153664, 1536640, 164640, 812224}, {0, 0, 0, 0, 0, 0, 0, 398272, 398272, 0, 199136, 597408}, {0, 0, 0, 0, 0, 0, 0, 0, 258064, 0, 129032, 0}, {0, 0, 0, 0, 0, 0, 0, 0, 0, 1075648, 76832, 537824}, {0, 0, 0, 0, 0, 0, 0, 0, 0, 0, 131068, 0}, {0, 0, 0, 0, 0, 0, 0, 0, 0, 0, 0, 696976}}
matrix {{-131072, -65536, -32768, -16384, -16384, -8192, -8192, -4096, -2048, -4096, -1024, -2048, -1024}, {0, -229376, -229376, -131072, -172032, -94208, -114688, -61440, -32768, -71680, -17408, -37888, -19968}, {0, 0, -401408, -200704, -602112, -329728, -602112, -329728, -181248, -501760, -104960, -272384, -147968}, {0, 0, 0, -260096, 0, -130048, 0, -65024, -65024, 0, -33536, -32512, -32512}, {0, 0, 0, 0, -702464, -351232, -1404928, -752640, -401408, -1756160, -275968, -953344, -517888}, {0, 0, 0, 0, 0, -455168, 0, -455168, -520192, 0, -260096, -341376, -373888}, {0, 0, 0, 0, 0, 0, -1229312, -614656, -307328, -3073280, -329280, -1624448, -856128}, {0, 0, 0, 0, 0, 0, 0, -796544, -796544, 0, -398272, -1194816, -1308608}, {0, 0, 0, 0, 0, 0, 0, 0, -516128, 0, -258064, 0, -258064}, {0, 0, 0, 0, 0, 0, 0, 0, 0, -2151296, -153664, -1075648, -537824}, {0, 0, 0, 0, 0, 0, 0, 0, 0, 0, -262136, 0, 0}, {0, 0, 0, 0, 0, 0, 0, 0, 0, 0, 0, -1393952, -1393952}, {0, 0, 0, 0, 0, 0, 0, 0, 0, 0, 0, 0, -903224}}
matrix {{262144, 131072, 65536, 32768, 32768, 16384, 16384, 8192, 4096, 8192, 2048, 4096, 2048, 4096, 1024}, {0, 458752, 458752, 262144, 344064, 188416, 229376, 122880, 65536, 143360, 34816, 75776, 39936, 86016, 20992}, {0, 0, 802816, 401408, 1204224, 659456, 1204224, 659456, 362496, 1003520, 209920, 544768, 295936, 752640, 165888}, {0, 0, 0, 520192, 0, 260096, 0, 130048, 130048, 0, 67072, 65024, 65024, 0, 33536}, {0, 0, 0, 0, 1404928, 702464, 2809856, 1505280, 802816, 3512320, 551936, 1906688, 1035776, 3512320, 643328}, {0, 0, 0, 0, 0, 910336, 0, 910336, 1040384, 0, 520192, 682752, 747776, 0, 377472}, {0, 0, 0, 0, 0, 0, 2458624, 1229312, 614656, 6146560, 658560, 3248896, 1712256, 9219840, 1295168}, {0, 0, 0, 0, 0, 0, 0, 1593088, 1593088, 0, 796544, 2389632, 2617216, 0, 1308608}, {0, 0, 0, 0, 0, 0, 0, 0, 1032256, 0, 516128, 0, 516128, 0, 258064}, {0, 0, 0, 0, 0, 0, 0, 0, 0, 4302592, 307328, 2151296, 1075648, 12907776, 1306144}, {0, 0, 0, 0, 0, 0, 0, 0, 0, 0, 524272, 0, 0, 0, 262136}, {0, 0, 0, 0, 0, 0, 0, 0, 0, 0, 0, 2787904, 2787904, 0, 1393952}, {0, 0, 0, 0, 0, 0, 0, 0, 0, 0, 0, 0, 1806448, 0, 903224}, {0, 0, 0, 0, 0, 0, 0, 0, 0, 0, 0, 0, 0, 7529536, 537824}, {0, 0, 0, 0, 0, 0, 0, 0, 0, 0, 0, 0, 0, 0, 917476}}
matrix {{-524288, -262144, -131072, -65536, -65536, -32768, -32768, -16384, -8192, -16384, -4096, -8192, -4096, -8192, -2048, -4096}, {0, -917504, -917504, -524288, -688128, -376832, -458752, -245760, -131072, -286720, -69632, -151552, -79872, -172032, -41984, -90112}, {0, 0, -1605632, -802816, -2408448, -1318912, -2408448, -1318912, -724992, -2007040, -419840, -1089536, -591872, -1505280, -331776, -809984}, {0, 0, 0, -1040384, 0, -520192, 0, -260096, -260096, 0, -134144, -130048, -130048, 0, -67072, -65024}, {0, 0, 0, 0, -2809856, -1404928, -5619712, -3010560, -1605632, -7024640, -1103872, -3813376, -2071552, -7024640, -1286656, -3813376}, {0, 0, 0, 0, 0, -1820672, 0, -1820672, -2080768, 0, -1040384, -1365504, -1495552, 0, -754944, -910336}, {0, 0, 0, 0, 0, 0, -4917248, -2458624, -1229312, -12293120, -1317120, -6497792, -3424512, -18439680, -2590336, -9922304}, {0, 0, 0, 0, 0, 0, 0, -3186176, -3186176, 0, -1593088, -4779264, -5234432, 0, -2617216, -4779264}, {0, 0, 0, 0, 0, 0, 0, 0, -2064512, 0, -1032256, 0, -1032256, 0, -516128, 0}, {0, 0, 0, 0, 0, 0, 0, 0, 0, -8605184, -614656, -4302592, -2151296, -25815552, -2612288, -13522432}, {0, 0, 0, 0, 0, 0, 0, 0, 0, 0, -1048544, 0, 0, 0, -524272, 0}, {0, 0, 0, 0, 0, 0, 0, 0, 0, 0, 0, -5575808, -5575808, 0, -2787904, -11151616}, {0, 0, 0, 0, 0, 0, 0, 0, 0, 0, 0, 0, -3612896, 0, -1806448, 0}, {0, 0, 0, 0, 0, 0, 0, 0, 0, 0, 0, 0, 0, -15059072, -1075648, -7529536}, {0, 0, 0, 0, 0, 0, 0, 0, 0, 0, 0, 0, 0, 0, -1834952, 0}, {0, 0, 0, 0, 0, 0, 0, 0, 0, 0, 0, 0, 0, 0, 0, -9757664}}
matrix {{1048576, 524288, 262144, 131072, 131072, 65536, 65536, 32768, 16384, 32768, 8192, 16384, 8192, 16384, 4096, 8192, 4096}, {0, 1835008, 1835008, 1048576, 1376256, 753664, 917504, 491520, 262144, 573440, 139264, 303104, 159744, 344064, 83968, 180224, 94208}, {0, 0, 3211264, 1605632, 4816896, 2637824, 4816896, 2637824, 1449984, 4014080, 839680, 2179072, 1183744, 3010560, 663552, 1619968, 871424}, {0, 0, 0, 2080768, 0, 1040384, 0, 520192, 520192, 0, 268288, 260096, 260096, 0, 134144, 130048, 130048}, {0, 0, 0, 0, 5619712, 2809856, 11239424, 6021120, 3211264, 14049280, 2207744, 7626752, 4143104, 14049280, 2573312, 7626752, 4143104}, {0, 0, 0, 0, 0, 3641344, 0, 3641344, 4161536, 0, 2080768, 2731008, 2991104, 0, 1509888, 1820672, 1950720}, {0, 0, 0, 0, 0, 0, 9834496, 4917248, 2458624, 24586240, 2634240, 12995584, 6849024, 36879360, 5180672, 19844608, 10674944}, {0, 0, 0, 0, 0, 0, 0, 6372352, 6372352, 0, 3186176, 9558528, 10468864, 0, 5234432, 9558528, 10468864}, {0, 0, 0, 0, 0, 0, 0, 0, 4129024, 0, 2064512, 0, 2064512, 0, 1032256, 0, 1032256}, {0, 0, 0, 0, 0, 0, 0, 0, 0, 17210368, 1229312, 8605184, 4302592, 51631104, 5224576, 27044864, 14137088}, {0, 0, 0, 0, 0, 0, 0, 0, 0, 0, 2097088, 0, 0, 0, 1048544, 0, 0}, {0, 0, 0, 0, 0, 0, 0, 0, 0, 0, 0, 11151616, 11151616, 0, 5575808, 22303232, 23896320}, {0, 0, 0, 0, 0, 0, 0, 0, 0, 0, 0, 0, 7225792, 0, 3612896, 0, 7225792}, {0, 0, 0, 0, 0, 0, 0, 0, 0, 0, 0, 0, 0, 30118144, 2151296, 15059072, 7529536}, {0, 0, 0, 0, 0, 0, 0, 0, 0, 0, 0, 0, 0, 0, 3669904, 0, 0}, {0, 0, 0, 0, 0, 0, 0, 0, 0, 0, 0, 0, 0, 0, 0, 19515328, 19515328}, {0, 0, 0, 0, 0, 0, 0, 0, 0, 0, 0, 0, 0, 0, 0, 0, 12645136}}
matrix {{-2097152, -1048576, -524288, -262144, -262144, -131072, -131072, -65536, -32768, -65536, -16384, -32768, -16384, -32768, -8192, -16384, -8192, -16384, -4096, -4096}, {0, -3670016, -3670016, -2097152, -2752512, -1507328, -1835008, -983040, -524288, -1146880, -278528, -606208, -319488, -688128, -167936, -360448, -188416, -401408, -98304, -98304}, {0, 0, -6422528, -3211264, -9633792, -5275648, -9633792, -5275648, -2899968, -8028160, -1679360, -4358144, -2367488, -6021120, -1327104, -3239936, -1742848, -4214784, -957440, -936960}, {0, 0, 0, -4161536, 0, -2080768, 0, -1040384, -1040384, 0, -536576, -520192, -520192, 0, -268288, -260096, -260096, 0, -134144, -195072}, {0, 0, 0, 0, -11239424, -5619712, -22478848, -12042240, -6422528, -28098560, -4415488, -15253504, -8286208, -28098560, -5146624, -15253504, -8286208, -24586240, -4895744, -4505600}, {0, 0, 0, 0, 0, -7282688, 0, -7282688, -8323072, 0, -4161536, -5462016, -5982208, 0, -3019776, -3641344, -3901440, 0, -1979392, -3121152}, {0, 0, 0, 0, 0, 0, -19668992, -9834496, -4917248, -49172480, -5268480, -25991168, -13698048, -73758720, -10361344, -39689216, -21349888, -86051840, -14187264, -11477760}, {0, 0, 0, 0, 0, 0, 0, -12744704, -12744704, 0, -6372352, -19117056, -20937728, 0, -10468864, -19117056, -20937728, 0, -10519040, -17263872}, {0, 0, 0, 0, 0, 0, 0, 0, -8258048, 0, -4129024, 0, -4129024, 0, -2064512, 0, -2064512, 0, -1032256, -3096768}, {0, 0, 0, 0, 0, 0, 0, 0, 0, -34420736, -2458624, -17210368, -8605184, -103262208, -10449152, -54089728, -28274176, -180708864, -23356928, -14751744}, {0, 0, 0, 0, 0, 0, 0, 0, 0, 0, -4194176, 0, 0, 0, -2097088, 0, 0, 0, -1048544, 0}, {0, 0, 0, 0, 0, 0, 0, 0, 0, 0, 0, -22303232, -22303232, 0, -11151616, -44606464, -47792640, 0, -23896320, -38234112}, {0, 0, 0, 0, 0, 0, 0, 0, 0, 0, 0, 0, -14451584, 0, -7225792, 0, -14451584, 0, -7225792, -24774144}, {0, 0, 0, 0, 0, 0, 0, 0, 0, 0, 0, 0, 0, -60236288, -4302592, -30118144, -15059072, -210827008, -20437312, -7529536}, {0, 0, 0, 0, 0, 0, 0, 0, 0, 0, 0, 0, 0, 0, -7339808, 0, 0, 0, -7339808, 0}, {0, 0, 0, 0, 0, 0, 0, 0, 0, 0, 0, 0, 0, 0, 0, -39030656, -39030656, 0, -19515328, -29272992}, {0, 0, 0, 0, 0, 0, 0, 0, 0, 0, 0, 0, 0, 0, 0, 0, -25290272, 0, -12645136, -37935408}, {0, 0, 0, 0, 0, 0, 0, 0, 0, 0, 0, 0, 0, 0, 0, 0, 0, -105413504, -7529536, 0}, {0, 0, 0, 0, 0, 0, 0, 0, 0, 0, 0, 0, 0, 0, 0, 0, 0, 0, -12844664, 0}, {0, 0, 0, 0, 0, 0, 0, 0, 0, 0, 0, 0, 0, 0, 0, 0, 0, 0, 0, -16387064}}
matrix {{4194304, 2097152, 1048576, 524288, 524288, 262144, 262144, 131072, 65536, 131072, 32768, 65536, 32768, 65536, 16384, 32768, 16384, 32768, 8192, 8192, 16384, 4096}, {0, 7340032, 7340032, 4194304, 5505024, 3014656, 3670016, 1966080, 1048576, 2293760, 557056, 1212416, 638976, 1376256, 335872, 720896, 376832, 802816, 196608, 196608, 417792, 102400}, {0, 0, 12845056, 6422528, 19267584, 10551296, 19267584, 10551296, 5799936, 16056320, 3358720, 8716288, 4734976, 12042240, 2654208, 6479872, 3485696, 8429568, 1914880, 1873920, 4501504, 1027072}, {0, 0, 0, 8323072, 0, 4161536, 0, 2080768, 2080768, 0, 1073152, 1040384, 1040384, 0, 536576, 520192, 520192, 0, 268288, 390144, 260096, 199168}, {0, 0, 0, 0, 22478848, 11239424, 44957696, 24084480, 12845056, 56197120, 8830976, 30507008, 16572416, 56197120, 10293248, 30507008, 16572416, 49172480, 9791488, 9011200, 26593280, 5315584}, {0, 0, 0, 0, 0, 14565376, 0, 14565376, 16646144, 0, 8323072, 10924032, 11964416, 0, 6039552, 7282688, 7802880, 0, 3958784, 6242304, 4551680, 3218944}, {0, 0, 0, 0, 0, 0, 39337984, 19668992, 9834496, 98344960, 10536960, 51982336, 27396096, 147517440, 20722688, 79378432, 42699776, 172103680, 28374528, 22955520, 93076480, 15291136}, {0, 0, 0, 0, 0, 0, 0, 25489408, 25489408, 0, 12744704, 38234112, 41875456, 0, 20937728, 38234112, 41875456, 0, 21038080, 34527744, 31861760, 18224384}, {0, 0, 0, 0, 0, 0, 0, 0, 16516096, 0, 8258048, 0, 8258048, 0, 4129024, 0, 4129024, 0, 2064512, 6193536, 0, 3161792}, {0, 0, 0, 0, 0, 0, 0, 0, 0, 68841472, 4917248, 34420736, 17210368, 206524416, 20898304, 108179456, 56548352, 361417728, 46713856, 29503488, 193001984, 24674048}, {0, 0, 0, 0, 0, 0, 0, 0, 0, 0, 8388352, 0, 0, 0, 4194176, 0, 0, 0, 2097088, 0, 0, 1048544}, {0, 0, 0, 0, 0, 0, 0, 0, 0, 0, 0, 44606464, 44606464, 0, 22303232, 89212928, 95585280, 0, 47792640, 76468224, 111516160, 43013376}, {0, 0, 0, 0, 0, 0, 0, 0, 0, 0, 0, 0, 28903168, 0, 14451584, 0, 28903168, 0, 14451584, 49548288, 0, 24774144}, {0, 0, 0, 0, 0, 0, 0, 0, 0, 0, 0, 0, 0, 120472576, 8605184, 60236288, 30118144, 421654016, 40874624, 15059072, 219432192, 21051968}, {0, 0, 0, 0, 0, 0, 0, 0, 0, 0, 0, 0, 0, 0, 14679616, 0, 0, 0, 14679616, 0, 0, 8388352}, {0, 0, 0, 0, 0, 0, 0, 0, 0, 0, 0, 0, 0, 0, 0, 78061312, 78061312, 0, 39030656, 58545984, 195153280, 40424608}, {0, 0, 0, 0, 0, 0, 0, 0, 0, 0, 0, 0, 0, 0, 0, 0, 50580544, 0, 25290272, 75870816, 0, 37935408}, {0, 0, 0, 0, 0, 0, 0, 0, 0, 0, 0, 0, 0, 0, 0, 0, 0, 210827008, 15059072, 0, 105413504, 7529536}, {0, 0, 0, 0, 0, 0, 0, 0, 0, 0, 0, 0, 0, 0, 0, 0, 0, 0, 25689328, 0, 0, 12844664}, {0, 0, 0, 0, 0, 0, 0, 0, 0, 0, 0, 0, 0, 0, 0, 0, 0, 0, 0, 32774128, 0, 16387064}, {0, 0, 0, 0, 0, 0, 0, 0, 0, 0, 0, 0, 0, 0, 0, 0, 0, 0, 0, 0, 136607296, 9757664}, {0, 0, 0, 0, 0, 0, 0, 0, 0, 0, 0, 0, 0, 0, 0, 0, 0, 0, 0, 0, 0, 16645636}}
matrix {{-8388608, -4194304, -2097152, -1048576, -1048576, -524288, -524288, -262144, -131072, -262144, -65536, -131072, -65536, -131072, -32768, -65536, -32768, -65536, -16384, -16384, -32768, -8192, -16384}, {0, -14680064, -14680064, -8388608, -11010048, -6029312, -7340032, -3932160, -2097152, -4587520, -1114112, -2424832, -1277952, -2752512, -671744, -1441792, -753664, -1605632, -393216, -393216, -835584, -204800, -434176}, {0, 0, -25690112, -12845056, -38535168, -21102592, -38535168, -21102592, -11599872, -32112640, -6717440, -17432576, -9469952, -24084480, -5308416, -12959744, -6971392, -16859136, -3829760, -3747840, -9003008, -2054144, -4804608}, {0, 0, 0, -16646144, 0, -8323072, 0, -4161536, -4161536, 0, -2146304, -2080768, -2080768, 0, -1073152, -1040384, -1040384, 0, -536576, -780288, -520192, -398336, -520192}, {0, 0, 0, 0, -44957696, -22478848, -89915392, -48168960, -25690112, -112394240, -17661952, -61014016, -33144832, -112394240, -20586496, -61014016, -33144832, -98344960, -19582976, -18022400, -53186560, -10631168, -28772352}, {0, 0, 0, 0, 0, -29130752, 0, -29130752, -33292288, 0, -16646144, -21848064, -23928832, 0, -12079104, -14565376, -15605760, 0, -7917568, -12484608, -9103360, -6437888, -9623552}, {0, 0, 0, 0, 0, 0, -78675968, -39337984, -19668992, -196689920, -21073920, -103964672, -54792192, -295034880, -41445376, -158756864, -85399552, -344207360, -56749056, -45911040, -186152960, -30582272, -100703232}, {0, 0, 0, 0, 0, 0, 0, -50978816, -50978816, 0, -25489408, -76468224, -83750912, 0, -41875456, -76468224, -83750912, 0, -42076160, -69055488, -63723520, -36448768, -69185536}, {0, 0, 0, 0, 0, 0, 0, 0, -33032192, 0, -16516096, 0, -16516096, 0, -8258048, 0, -8258048, 0, -4129024, -12387072, 0, -6323584, -4129024}, {0, 0, 0, 0, 0, 0, 0, 0, 0, -137682944, -9834496, -68841472, -34420736, -413048832, -41796608, -216358912, -113096704, -722835456, -93427712, -59006976, -386003968, -49348096, -205997568}, {0, 0, 0, 0, 0, 0, 0, 0, 0, 0, -16776704, 0, 0, 0, -8388352, 0, 0, 0, -4194176, 0, 0, -2097088, 0}, {0, 0, 0, 0, 0, 0, 0, 0, 0, 0, 0, -89212928, -89212928, 0, -44606464, -178425856, -191170560, 0, -95585280, -152936448, -223032320, -86026752, -242149376}, {0, 0, 0, 0, 0, 0, 0, 0, 0, 0, 0, 0, -57806336, 0, -28903168, 0, -57806336, 0, -28903168, -99096576, 0, -49548288, -43354752}, {0, 0, 0, 0, 0, 0, 0, 0, 0, 0, 0, 0, 0, -240945152, -17210368, -120472576, -60236288, -843308032, -81749248, -30118144, -438864384, -42103936, -228037376}, {0, 0, 0, 0, 0, 0, 0, 0, 0, 0, 0, 0, 0, 0, -29359232, 0, 0, 0, -29359232, 0, 0, -16776704, 0}, {0, 0, 0, 0, 0, 0, 0, 0, 0, 0, 0, 0, 0, 0, 0, -156122624, -156122624, 0, -78061312, -117091968, -390306560, -80849216, -412609792}, {0, 0, 0, 0, 0, 0, 0, 0, 0, 0, 0, 0, 0, 0, 0, 0, -101161088, 0, -50580544, -151741632, 0, -75870816, -151741632}, {0, 0, 0, 0, 0, 0, 0, 0, 0, 0, 0, 0, 0, 0, 0, 0, 0, -421654016, -30118144, 0, -210827008, -15059072, -105413504}, {0, 0, 0, 0, 0, 0, 0, 0, 0, 0, 0, 0, 0, 0, 0, 0, 0, 0, -51378656, 0, 0, -25689328, 0}, {0, 0, 0, 0, 0, 0, 0, 0, 0, 0, 0, 0, 0, 0, 0, 0, 0, 0, 0, -65548256, 0, -32774128, 0}, {0, 0, 0, 0, 0, 0, 0, 0, 0, 0, 0, 0, 0, 0, 0, 0, 0, 0, 0, 0, -273214592, -19515328, -273214592}, {0, 0, 0, 0, 0, 0, 0, 0, 0, 0, 0, 0, 0, 0, 0, 0, 0, 0, 0, 0, 0, -33291272, 0}, {0, 0, 0, 0, 0, 0, 0, 0, 0, 0, 0, 0, 0, 0, 0, 0, 0, 0, 0, 0, 0, 0, -177031904}}
matrix {{16777216, 8388608, 4194304, 2097152, 2097152, 1048576, 1048576, 524288, 262144, 524288, 131072, 262144, 131072, 262144, 65536, 131072, 65536, 131072, 32768, 32768, 65536, 16384, 32768, 65536, 16384, 16384}, {0, 29360128, 29360128, 16777216, 22020096, 12058624, 14680064, 7864320, 4194304, 9175040, 2228224, 4849664, 2555904, 5505024, 1343488, 2883584, 1507328, 3211264, 786432, 786432, 1671168, 409600, 868352, 1835008, 450560, 450560}, {0, 0, 51380224, 25690112, 77070336, 42205184, 77070336, 42205184, 23199744, 64225280, 13434880, 34865152, 18939904, 48168960, 10616832, 25919488, 13942784, 33718272, 7659520, 7495680, 18006016, 4108288, 9609216, 22478848, 5206016, 5124096}, {0, 0, 0, 33292288, 0, 16646144, 0, 8323072, 8323072, 0, 4292608, 4161536, 4161536, 0, 2146304, 2080768, 2080768, 0, 1073152, 1560576, 1040384, 796672, 1040384, 0, 536576, 780288}, {0, 0, 0, 0, 89915392, 44957696, 179830784, 96337920, 51380224, 224788480, 35323904, 122028032, 66289664, 224788480, 41172992, 122028032, 66289664, 196689920, 39165952, 36044800, 106373120, 21262336, 57544704, 157351936, 32987136, 31139840}, {0, 0, 0, 0, 0, 58261504, 0, 58261504, 66584576, 0, 33292288, 43696128, 47857664, 0, 24158208, 29130752, 31211520, 0, 15835136, 24969216, 18206720, 12875776, 19247104, 0, 9795584, 15215616}, {0, 0, 0, 0, 0, 0, 157351936, 78675968, 39337984, 393379840, 42147840, 207929344, 109584384, 590069760, 82890752, 317513728, 170799104, 688414720, 113498112, 91822080, 372305920, 61164544, 201406464, 688414720, 125289472, 108989440}, {0, 0, 0, 0, 0, 0, 0, 101957632, 101957632, 0, 50978816, 152936448, 167501824, 0, 83750912, 152936448, 167501824, 0, 84152320, 138110976, 127447040, 72897536, 138371072, 0, 69787648, 112751616}, {0, 0, 0, 0, 0, 0, 0, 0, 66064384, 0, 33032192, 0, 33032192, 0, 16516096, 0, 16516096, 0, 8258048, 24774144, 0, 12647168, 8258048, 0, 4129024, 12387072}, {0, 0, 0, 0, 0, 0, 0, 0, 0, 275365888, 19668992, 137682944, 68841472, 826097664, 83593216, 432717824, 226193408, 1445670912, 186855424, 118013952, 772007936, 98696192, 411995136, 1927561216, 292049408, 219695616}, {0, 0, 0, 0, 0, 0, 0, 0, 0, 0, 33553408, 0, 0, 0, 16776704, 0, 0, 0, 8388352, 0, 0, 4194176, 0, 0, 4194176, 0}, {0, 0, 0, 0, 0, 0, 0, 0, 0, 0, 0, 178425856, 178425856, 0, 89212928, 356851712, 382341120, 0, 191170560, 305872896, 446064640, 172053504, 484298752, 0, 242851840, 394630656}, {0, 0, 0, 0, 0, 0, 0, 0, 0, 0, 0, 0, 115612672, 0, 57806336, 0, 115612672, 0, 57806336, 198193152, 0, 99096576, 86709504, 0, 43354752, 142451328}, {0, 0, 0, 0, 0, 0, 0, 0, 0, 0, 0, 0, 0, 481890304, 34420736, 240945152, 120472576, 1686616064, 163498496, 60236288, 877728768, 84207872, 456074752, 3373232128, 408746240, 236642560}, {0, 0, 0, 0, 0, 0, 0, 0, 0, 0, 0, 0, 0, 0, 58718464, 0, 0, 0, 58718464, 0, 0, 33553408, 0, 0, 44038848, 0}, {0, 0, 0, 0, 0, 0, 0, 0, 0, 0, 0, 0, 0, 0, 0, 312245248, 312245248, 0, 156122624, 234183936, 780613120, 161698432, 825219584, 0, 412609792, 652369536}, {0, 0, 0, 0, 0, 0, 0, 0, 0, 0, 0, 0, 0, 0, 0, 0, 202322176, 0, 101161088, 303483264, 0, 151741632, 303483264, 0, 151741632, 498579648}, {0, 0, 0, 0, 0, 0, 0, 0, 0, 0, 0, 0, 0, 0, 0, 0, 0, 843308032, 60236288, 0, 421654016, 30118144, 210827008, 3373232128, 316240512, 105413504}, {0, 0, 0, 0, 0, 0, 0, 0, 0, 0, 0, 0, 0, 0, 0, 0, 0, 0, 102757312, 0, 0, 51378656, 0, 0, 154135968, 0}, {0, 0, 0, 0, 0, 0, 0, 0, 0, 0, 0, 0, 0, 0, 0, 0, 0, 0, 0, 131096512, 0, 65548256, 0, 0, 0, 65548256}, {0, 0, 0, 0, 0, 0, 0, 0, 0, 0, 0, 0, 0, 0, 0, 0, 0, 0, 0, 0, 546429184, 39030656, 546429184, 0, 273214592, 409821888}, {0, 0, 0, 0, 0, 0, 0, 0, 0, 0, 0, 0, 0, 0, 0, 0, 0, 0, 0, 0, 0, 66582544, 0, 0, 0, 0}, {0, 0, 0, 0, 0, 0, 0, 0, 0, 0, 0, 0, 0, 0, 0, 0, 0, 0, 0, 0, 0, 0, 354063808, 0, 177031904, 531095712}, {0, 0, 0, 0, 0, 0, 0, 0, 0, 0, 0, 0, 0, 0, 0, 0, 0, 0, 0, 0, 0, 0, 0, 1475789056, 105413504, 0}, {0, 0, 0, 0, 0, 0, 0, 0, 0, 0, 0, 0, 0, 0, 0, 0, 0, 0, 0, 0, 0, 0, 0, 0, 179825296, 0}, {0, 0, 0, 0, 0, 0, 0, 0, 0, 0, 0, 0, 0, 0, 0, 0, 0, 0, 0, 0, 0, 0, 0, 0, 0, 229418896}}
matrix {{-33554432, -16777216, -8388608, -4194304, -4194304, -2097152, -2097152, -1048576, -524288, -1048576, -262144, -524288, -262144, -524288, -131072, -262144, -131072, -262144, -65536, -65536, -131072, -32768, -65536, -131072, -32768, -32768, -65536, -16384}, {0, -58720256, -58720256, -33554432, -44040192, -24117248, -29360128, -15728640, -8388608, -18350080, -4456448, -9699328, -5111808, -11010048, -2686976, -5767168, -3014656, -6422528, -1572864, -1572864, -3342336, -819200, -1736704, -3670016, -901120, -901120, -1900544, -466944}, {0, 0, -102760448, -51380224, -154140672, -84410368, -154140672, -84410368, -46399488, -128450560, -26869760, -69730304, -37879808, -96337920, -21233664, -51838976, -27885568, -67436544, -15319040, -14991360, -36012032, -8216576, -19218432, -44957696, -10412032, -10248192, -23855104, -5541888}, {0, 0, 0, -66584576, 0, -33292288, 0, -16646144, -16646144, 0, -8585216, -8323072, -8323072, 0, -4292608, -4161536, -4161536, 0, -2146304, -3121152, -2080768, -1593344, -2080768, 0, -1073152, -1560576, -1040384, -796672}, {0, 0, 0, 0, -179830784, -89915392, -359661568, -192675840, -102760448, -449576960, -70647808, -244056064, -132579328, -449576960, -82345984, -244056064, -132579328, -393379840, -78331904, -72089600, -212746240, -42524672, -115089408, -314703872, -65974272, -62279680, -169394176, -35641344}, {0, 0, 0, 0, 0, -116523008, 0, -116523008, -133169152, 0, -66584576, -87392256, -95715328, 0, -48316416, -58261504, -62423040, 0, -31670272, -49938432, -36413440, -25751552, -38494208, 0, -19591168, -30431232, -21848064, -15664128}, {0, 0, 0, 0, 0, 0, -314703872, -157351936, -78675968, -786759680, -84295680, -415858688, -219168768, -1180139520, -165781504, -635027456, -341598208, -1376829440, -226996224, -183644160, -744611840, -122329088, -402812928, -1376829440, -250578944, -217978880, -744611840, -135582720}, {0, 0, 0, 0, 0, 0, 0, -203915264, -203915264, 0, -101957632, -305872896, -335003648, 0, -167501824, -305872896, -335003648, 0, -168304640, -276221952, -254894080, -145795072, -276742144, 0, -139575296, -225503232, -191170560, -117962752}, {0, 0, 0, 0, 0, 0, 0, 0, -132128768, 0, -66064384, 0, -66064384, 0, -33032192, 0, -33032192, 0, -16516096, -49548288, 0, -25294336, -16516096, 0, -8258048, -24774144, 0, -12647168}, {0, 0, 0, 0, 0, 0, 0, 0, 0, -550731776, -39337984, -275365888, -137682944, -1652195328, -167186432, -865435648, -452386816, -2891341824, -373710848, -236027904, -1544015872, -197392384, -823990272, -3855122432, -584098816, -439391232, -2075078656, -312772096}, {0, 0, 0, 0, 0, 0, 0, 0, 0, 0, -67106816, 0, 0, 0, -33553408, 0, 0, 0, -16776704, 0, 0, -8388352, 0, 0, -8388352, 0, 0, -4194176}, {0, 0, 0, 0, 0, 0, 0, 0, 0, 0, 0, -356851712, -356851712, 0, -178425856, -713703424, -764682240, 0, -382341120, -611745792, -892129280, -344107008, -968597504, 0, -485703680, -789261312, -892129280, -427194880}, {0, 0, 0, 0, 0, 0, 0, 0, 0, 0, 0, 0, -231225344, 0, -115612672, 0, -231225344, 0, -115612672, -396386304, 0, -198193152, -173419008, 0, -86709504, -284902656, 0, -143361664}, {0, 0, 0, 0, 0, 0, 0, 0, 0, 0, 0, 0, 0, -963780608, -68841472, -481890304, -240945152, -3373232128, -326996992, -120472576, -1755457536, -168415744, -912149504, -6746464256, -817492480, -473285120, -3579756544, -429644544}, {0, 0, 0, 0, 0, 0, 0, 0, 0, 0, 0, 0, 0, 0, -117436928, 0, 0, 0, -117436928, 0, 0, -67106816, 0, 0, -88077696, 0, 0, -48233024}, {0, 0, 0, 0, 0, 0, 0, 0, 0, 0, 0, 0, 0, 0, 0, -624490496, -624490496, 0, -312245248, -468367872, -1561226240, -323396864, -1650439168, 0, -825219584, -1304739072, -2341839360, -763885696}, {0, 0, 0, 0, 0, 0, 0, 0, 0, 0, 0, 0, 0, 0, 0, 0, -404644352, 0, -202322176, -606966528, 0, -303483264, -606966528, 0, -303483264, -997159296, 0, -498579648}, {0, 0, 0, 0, 0, 0, 0, 0, 0, 0, 0, 0, 0, 0, 0, 0, 0, -1686616064, -120472576, 0, -843308032, -60236288, -421654016, -6746464256, -632481024, -210827008, -3493704704, -324845696}, {0, 0, 0, 0, 0, 0, 0, 0, 0, 0, 0, 0, 0, 0, 0, 0, 0, 0, -205514624, 0, 0, -102757312, 0, 0, -308271936, 0, 0, -168815584}, {0, 0, 0, 0, 0, 0, 0, 0, 0, 0, 0, 0, 0, 0, 0, 0, 0, 0, 0, -262193024, 0, -131096512, 0, 0, 0, -131096512, 0, -65548256}, {0, 0, 0, 0, 0, 0, 0, 0, 0, 0, 0, 0, 0, 0, 0, 0, 0, 0, 0, 0, -1092858368, -78061312, -1092858368, 0, -546429184, -819643776, -3278575104, -604975168}, {0, 0, 0, 0, 0, 0, 0, 0, 0, 0, 0, 0, 0, 0, 0, 0, 0, 0, 0, 0, 0, -133165088, 0, 0, 0, 0, 0, -66582544}, {0, 0, 0, 0, 0, 0, 0, 0, 0, 0, 0, 0, 0, 0, 0, 0, 0, 0, 0, 0, 0, 0, -708127616, 0, -354063808, -1062191424, 0, -531095712}, {0, 0, 0, 0, 0, 0, 0, 0, 0, 0, 0, 0, 0, 0, 0, 0, 0, 0, 0, 0, 0, 0, 0, -2951578112, -210827008, 0, -1475789056, -105413504}, {0, 0, 0, 0, 0, 0, 0, 0, 0, 0, 0, 0, 0, 0, 0, 0, 0, 0, 0, 0, 0, 0, 0, 0, -359650592, 0, 0, -179825296}, {0, 0, 0, 0, 0, 0, 0, 0, 0, 0, 0, 0, 0, 0, 0, 0, 0, 0, 0, 0, 0, 0, 0, 0, 0, -458837792, 0, -229418896}, {0, 0, 0, 0, 0, 0, 0, 0, 0, 0, 0, 0, 0, 0, 0, 0, 0, 0, 0, 0, 0, 0, 0, 0, 0, 0, -1912502144, -136607296}, {0, 0, 0, 0, 0, 0, 0, 0, 0, 0, 0, 0, 0, 0, 0, 0, 0, 0, 0, 0, 0, 0, 0, 0, 0, 0, 0, -233038904}}
matrix {{67108864, 33554432, 16777216, 8388608, 8388608, 4194304, 4194304, 2097152, 1048576, 2097152, 524288, 1048576, 524288, 1048576, 262144, 524288, 262144, 524288, 131072, 131072, 262144, 65536, 131072, 262144, 65536, 65536, 131072, 32768, 65536}, {0, 117440512, 117440512, 67108864, 88080384, 48234496, 58720256, 31457280, 16777216, 36700160, 8912896, 19398656, 10223616, 22020096, 5373952, 11534336, 6029312, 12845056, 3145728, 3145728, 6684672, 1638400, 3473408, 7340032, 1802240, 1802240, 3801088, 933888, 1966080}, {0, 0, 205520896, 102760448, 308281344, 168820736, 308281344, 168820736, 92798976, 256901120, 53739520, 139460608, 75759616, 192675840, 42467328, 103677952, 55771136, 134873088, 30638080, 29982720, 72024064, 16433152, 38436864, 89915392, 20824064, 20496384, 47710208, 11083776, 25296896}, {0, 0, 0, 133169152, 0, 66584576, 0, 33292288, 33292288, 0, 17170432, 16646144, 16646144, 0, 8585216, 8323072, 8323072, 0, 4292608, 6242304, 4161536, 3186688, 4161536, 0, 2146304, 3121152, 2080768, 1593344, 2080768}, {0, 0, 0, 0, 359661568, 179830784, 719323136, 385351680, 205520896, 899153920, 141295616, 488112128, 265158656, 899153920, 164691968, 488112128, 265158656, 786759680, 156663808, 144179200, 425492480, 85049344, 230178816, 629407744, 131948544, 124559360, 338788352, 71282688, 182353920}, {0, 0, 0, 0, 0, 233046016, 0, 233046016, 266338304, 0, 133169152, 174784512, 191430656, 0, 96632832, 116523008, 124846080, 0, 63340544, 99876864, 72826880, 51503104, 76988416, 0, 39182336, 60862464, 43696128, 31328256, 45776896}, {0, 0, 0, 0, 0, 0, 629407744, 314703872, 157351936, 1573519360, 168591360, 831717376, 438337536, 2360279040, 331563008, 1270054912, 683196416, 2753658880, 453992448, 367288320, 1489223680, 244658176, 805625856, 2753658880, 501157888, 435957760, 1489223680, 271165440, 805625856}, {0, 0, 0, 0, 0, 0, 0, 407830528, 407830528, 0, 203915264, 611745792, 670007296, 0, 335003648, 611745792, 670007296, 0, 336609280, 552443904, 509788160, 291590144, 553484288, 0, 279150592, 451006464, 382341120, 235925504, 411471872}, {0, 0, 0, 0, 0, 0, 0, 0, 264257536, 0, 132128768, 0, 132128768, 0, 66064384, 0, 66064384, 0, 33032192, 99096576, 0, 50588672, 33032192, 0, 16516096, 49548288, 0, 25294336, 16516096}, {0, 0, 0, 0, 0, 0, 0, 0, 0, 1101463552, 78675968, 550731776, 275365888, 3304390656, 334372864, 1730871296, 904773632, 5782683648, 747421696, 472055808, 3088031744, 394784768, 1647980544, 7710244864, 1168197632, 878782464, 4150157312, 625544192, 2233835520}, {0, 0, 0, 0, 0, 0, 0, 0, 0, 0, 134213632, 0, 0, 0, 67106816, 0, 0, 0, 33553408, 0, 0, 16776704, 0, 0, 16776704, 0, 0, 8388352, 0}, {0, 0, 0, 0, 0, 0, 0, 0, 0, 0, 0, 713703424, 713703424, 0, 356851712, 1427406848, 1529364480, 0, 764682240, 1223491584, 1784258560, 688214016, 1937195008, 0, 971407360, 1578522624, 1784258560, 854389760, 1937195008}, {0, 0, 0, 0, 0, 0, 0, 0, 0, 0, 0, 0, 462450688, 0, 231225344, 0, 462450688, 0, 231225344, 792772608, 0, 396386304, 346838016, 0, 173419008, 569805312, 0, 286723328, 231225344}, {0, 0, 0, 0, 0, 0, 0, 0, 0, 0, 0, 0, 0, 1927561216, 137682944, 963780608, 481890304, 6746464256, 653993984, 240945152, 3510915072, 336831488, 1824299008, 13492928512, 1634984960, 946570240, 7159513088, 859289088, 3796115456}, {0, 0, 0, 0, 0, 0, 0, 0, 0, 0, 0, 0, 0, 0, 234873856, 0, 0, 0, 234873856, 0, 0, 134213632, 0, 0, 176155392, 0, 0, 96466048, 0}, {0, 0, 0, 0, 0, 0, 0, 0, 0, 0, 0, 0, 0, 0, 0, 1248980992, 1248980992, 0, 624490496, 936735744, 3122452480, 646793728, 3300878336, 0, 1650439168, 2609478144, 4683678720, 1527771392, 5040530432}, {0, 0, 0, 0, 0, 0, 0, 0, 0, 0, 0, 0, 0, 0, 0, 0, 809288704, 0, 404644352, 1213933056, 0, 606966528, 1213933056, 0, 606966528, 1994318592, 0, 997159296, 1213933056}, {0, 0, 0, 0, 0, 0, 0, 0, 0, 0, 0, 0, 0, 0, 0, 0, 0, 3373232128, 240945152, 0, 1686616064, 120472576, 843308032, 13492928512, 1264962048, 421654016, 6987409408, 649691392, 3614177280}, {0, 0, 0, 0, 0, 0, 0, 0, 0, 0, 0, 0, 0, 0, 0, 0, 0, 0, 411029248, 0, 0, 205514624, 0, 0, 616543872, 0, 0, 337631168, 0}, {0, 0, 0, 0, 0, 0, 0, 0, 0, 0, 0, 0, 0, 0, 0, 0, 0, 0, 0, 524386048, 0, 262193024, 0, 0, 0, 262193024, 0, 131096512, 0}, {0, 0, 0, 0, 0, 0, 0, 0, 0, 0, 0, 0, 0, 0, 0, 0, 0, 0, 0, 0, 2185716736, 156122624, 2185716736, 0, 1092858368, 1639287552, 6557150208, 1209950336, 6869395456}, {0, 0, 0, 0, 0, 0, 0, 0, 0, 0, 0, 0, 0, 0, 0, 0, 0, 0, 0, 0, 0, 266330176, 0, 0, 0, 0, 0, 133165088, 0}, {0, 0, 0, 0, 0, 0, 0, 0, 0, 0, 0, 0, 0, 0, 0, 0, 0, 0, 0, 0, 0, 0, 1416255232, 0, 708127616, 2124382848, 0, 1062191424, 2832510464}, {0, 0, 0, 0, 0, 0, 0, 0, 0, 0, 0, 0, 0, 0, 0, 0, 0, 0, 0, 0, 0, 0, 0, 5903156224, 421654016, 0, 2951578112, 210827008, 1475789056}, {0, 0, 0, 0, 0, 0, 0, 0, 0, 0, 0, 0, 0, 0, 0, 0, 0, 0, 0, 0, 0, 0, 0, 0, 719301184, 0, 0, 359650592, 0}, {0, 0, 0, 0, 0, 0, 0, 0, 0, 0, 0, 0, 0, 0, 0, 0, 0, 0, 0, 0, 0, 0, 0, 0, 0, 917675584, 0, 458837792, 0}, {0, 0, 0, 0, 0, 0, 0, 0, 0, 0, 0, 0, 0, 0, 0, 0, 0, 0, 0, 0, 0, 0, 0, 0, 0, 0, 3825004288, 273214592, 3825004288}, {0, 0, 0, 0, 0, 0, 0, 0, 0, 0, 0, 0, 0, 0, 0, 0, 0, 0, 0, 0, 0, 0, 0, 0, 0, 0, 0, 466077808, 0}, {0, 0, 0, 0, 0, 0, 0, 0, 0, 0, 0, 0, 0, 0, 0, 0, 0, 0, 0, 0, 0, 0, 0, 0, 0, 0, 0, 0, 2478446656}}
matrix {{-134217728, -67108864, -33554432, -16777216, -16777216, -8388608, -8388608, -4194304, -2097152, -4194304, -1048576, -2097152, -1048576, -2097152, -524288, -1048576, -524288, -1048576, -262144, -262144, -524288, -131072, -262144, -524288, -131072, -131072, -262144, -65536, -131072, -262144, -65536, -65536}, {0, -234881024, -234881024, -134217728, -176160768, -96468992, -117440512, -62914560, -33554432, -73400320, -17825792, -38797312, -20447232, -44040192, -10747904, -23068672, -12058624, -25690112, -6291456, -6291456, -13369344, -3276800, -6946816, -14680064, -3604480, -3604480, -7602176, -1867776, -3932160, -8257536, -2031616, -2031616}, {0, 0, -411041792, -205520896, -616562688, -337641472, -616562688, -337641472, -185597952, -513802240, -107479040, -278921216, -151519232, -385351680, -84934656, -207355904, -111542272, -269746176, -61276160, -59965440, -144048128, -32866304, -76873728, -179830784, -41648128, -40992768, -95420416, -22167552, -50593792, -115605504, -27131904, -26804224}, {0, 0, 0, -266338304, 0, -133169152, 0, -66584576, -66584576, 0, -34340864, -33292288, -33292288, 0, -17170432, -16646144, -16646144, 0, -8585216, -12484608, -8323072, -6373376, -8323072, 0, -4292608, -6242304, -4161536, -3186688, -4161536, 0, -2146304, -3121152}, {0, 0, 0, 0, -719323136, -359661568, -1438646272, -770703360, -411041792, -1798307840, -282591232, -976224256, -530317312, -1798307840, -329383936, -976224256, -530317312, -1573519360, -313327616, -288358400, -850984960, -170098688, -460357632, -1258815488, -263897088, -249118720, -677576704, -142565376, -364707840, -944111616, -204832768, -196296704}, {0, 0, 0, 0, 0, -466092032, 0, -466092032, -532676608, 0, -266338304, -349569024, -382861312, 0, -193265664, -233046016, -249692160, 0, -126681088, -199753728, -145653760, -103006208, -153976832, 0, -78364672, -121724928, -87392256, -62656512, -91553792, 0, -46694400, -71786496}, {0, 0, 0, 0, 0, 0, -1258815488, -629407744, -314703872, -3147038720, -337182720, -1663434752, -876675072, -4720558080, -663126016, -2540109824, -1366392832, -5507317760, -907984896, -734576640, -2978447360, -489316352, -1611251712, -5507317760, -1002315776, -871915520, -2978447360, -542330880, -1611251712, -4956585984, -962977792, -871915520}, {0, 0, 0, 0, 0, 0, 0, -815661056, -815661056, 0, -407830528, -1223491584, -1340014592, 0, -670007296, -1223491584, -1340014592, 0, -673218560, -1104887808, -1019576320, -583180288, -1106968576, 0, -558301184, -902012928, -764682240, -471851008, -822943744, 0, -416288768, -664025088}, {0, 0, 0, 0, 0, 0, 0, 0, -528515072, 0, -264257536, 0, -264257536, 0, -132128768, 0, -132128768, 0, -66064384, -198193152, 0, -101177344, -66064384, 0, -33032192, -99096576, 0, -50588672, -33032192, 0, -16516096, -49548288}, {0, 0, 0, 0, 0, 0, 0, 0, 0, -2202927104, -157351936, -1101463552, -550731776, -6608781312, -668745728, -3461742592, -1809547264, -11565367296, -1494843392, -944111616, -6176063488, -789569536, -3295961088, -15420489728, -2336395264, -1757564928, -8300314624, -1251088384, -4467671040, -17348050944, -2922250240, -2404634624}, {0, 0, 0, 0, 0, 0, 0, 0, 0, 0, -268427264, 0, 0, 0, -134213632, 0, 0, 0, -67106816, 0, 0, -33553408, 0, 0, -33553408, 0, 0, -16776704, 0, 0, -16776704, 0}, {0, 0, 0, 0, 0, 0, 0, 0, 0, 0, 0, -1427406848, -1427406848, 0, -713703424, -2854813696, -3058728960, 0, -1529364480, -2446983168, -3568517120, -1376428032, -3874390016, 0, -1942814720, -3157045248, -3568517120, -1708779520, -3874390016, 0, -1948434432, -3157045248}, {0, 0, 0, 0, 0, 0, 0, 0, 0, 0, 0, 0, -924901376, 0, -462450688, 0, -924901376, 0, -462450688, -1585545216, 0, -792772608, -693676032, 0, -346838016, -1139610624, 0, -573446656, -462450688, 0, -231225344, -743224320}, {0, 0, 0, 0, 0, 0, 0, 0, 0, 0, 0, 0, 0, -3855122432, -275365888, -1927561216, -963780608, -13492928512, -1307987968, -481890304, -7021830144, -673662976, -3648598016, -26985857024, -3269969920, -1893140480, -14319026176, -1718578176, -7592230912, -40478785536, -5723676672, -4022308864}, {0, 0, 0, 0, 0, 0, 0, 0, 0, 0, 0, 0, 0, 0, -469747712, 0, 0, 0, -469747712, 0, 0, -268427264, 0, 0, -352310784, 0, 0, -192932096, 0, 0, -234873856, 0}, {0, 0, 0, 0, 0, 0, 0, 0, 0, 0, 0, 0, 0, 0, 0, -2497961984, -2497961984, 0, -1248980992, -1873471488, -6244904960, -1293587456, -6601756672, 0, -3300878336, -5218956288, -9367357440, -3055542784, -10081060864, 0, -5050364928, -8134307328}, {0, 0, 0, 0, 0, 0, 0, 0, 0, 0, 0, 0, 0, 0, 0, 0, -1618577408, 0, -809288704, -2427866112, 0, -1213933056, -2427866112, 0, -1213933056, -3988637184, 0, -1994318592, -2427866112, 0, -1213933056, -3988637184}, {0, 0, 0, 0, 0, 0, 0, 0, 0, 0, 0, 0, 0, 0, 0, 0, 0, -6746464256, -481890304, 0, -3373232128, -240945152, -1686616064, -26985857024, -2529924096, -843308032, -13974818816, -1299382784, -7228354560, -60718178304, -6987409408, -3734649856}, {0, 0, 0, 0, 0, 0, 0, 0, 0, 0, 0, 0, 0, 0, 0, 0, 0, 0, -822058496, 0, 0, -411029248, 0, 0, -1233087744, 0, 0, -675262336, 0, 0, -1233087744, 0}, {0, 0, 0, 0, 0, 0, 0, 0, 0, 0, 0, 0, 0, 0, 0, 0, 0, 0, 0, -1048772096, 0, -524386048, 0, 0, 0, -524386048, 0, -262193024, 0, 0, 0, -262193024}, {0, 0, 0, 0, 0, 0, 0, 0, 0, 0, 0, 0, 0, 0, 0, 0, 0, 0, 0, 0, -4371433472, -312245248, -4371433472, 0, -2185716736, -3278575104, -13114300416, -2419900672, -13738790912, 0, -6869395456, -10772461056}, {0, 0, 0, 0, 0, 0, 0, 0, 0, 0, 0, 0, 0, 0, 0, 0, 0, 0, 0, 0, 0, -532660352, 0, 0, 0, 0, 0, -266330176, 0, 0, 0, 0}, {0, 0, 0, 0, 0, 0, 0, 0, 0, 0, 0, 0, 0, 0, 0, 0, 0, 0, 0, 0, 0, 0, -2832510464, 0, -1416255232, -4248765696, 0, -2124382848, -5665020928, 0, -2832510464, -9104497920}, {0, 0, 0, 0, 0, 0, 0, 0, 0, 0, 0, 0, 0, 0, 0, 0, 0, 0, 0, 0, 0, 0, 0, -11806312448, -843308032, 0, -5903156224, -421654016, -2951578112, -53128406016, -4849021184, -1475789056}, {0, 0, 0, 0, 0, 0, 0, 0, 0, 0, 0, 0, 0, 0, 0, 0, 0, 0, 0, 0, 0, 0, 0, 0, -1438602368, 0, 0, -719301184, 0, 0, -2877204736, 0}, {0, 0, 0, 0, 0, 0, 0, 0, 0, 0, 0, 0, 0, 0, 0, 0, 0, 0, 0, 0, 0, 0, 0, 0, 0, -1835351168, 0, -917675584, 0, 0, 0, -1835351168}, {0, 0, 0, 0, 0, 0, 0, 0, 0, 0, 0, 0, 0, 0, 0, 0, 0, 0, 0, 0, 0, 0, 0, 0, 0, 0, -7650008576, -546429184, -7650008576, 0, -3825004288, -5737506432}, {0, 0, 0, 0, 0, 0, 0, 0, 0, 0, 0, 0, 0, 0, 0, 0, 0, 0, 0, 0, 0, 0, 0, 0, 0, 0, 0, -932155616, 0, 0, 0, 0}, {0, 0, 0, 0, 0, 0, 0, 0, 0, 0, 0, 0, 0, 0, 0, 0, 0, 0, 0, 0, 0, 0, 0, 0, 0, 0, 0, 0, -4956893312, 0, -2478446656, -7435339968}, {0, 0, 0, 0, 0, 0, 0, 0, 0, 0, 0, 0, 0, 0, 0, 0, 0, 0, 0, 0, 0, 0, 0, 0, 0, 0, 0, 0, 0, -20661046784, -1475789056, 0}, {0, 0, 0, 0, 0, 0, 0, 0, 0, 0, 0, 0, 0, 0, 0, 0, 0, 0, 0, 0, 0, 0, 0, 0, 0, 0, 0, 0, 0, 0, -2517554144, 0}, {0, 0, 0, 0, 0, 0, 0, 0, 0, 0, 0, 0, 0, 0, 0, 0, 0, 0, 0, 0, 0, 0, 0, 0, 0, 0, 0, 0, 0, 0, 0, -3211864544}}
matrix {{268435456, 134217728, 67108864, 33554432, 33554432, 16777216, 16777216, 8388608, 4194304, 8388608, 2097152, 4194304, 2097152, 4194304, 1048576, 2097152, 1048576, 2097152, 524288, 524288, 1048576, 262144, 524288, 1048576, 262144, 262144, 524288, 131072, 262144, 524288, 131072, 131072, 262144, 65536, 65536}, {0, 469762048, 469762048, 268435456, 352321536, 192937984, 234881024, 125829120, 67108864, 146800640, 35651584, 77594624, 40894464, 88080384, 21495808, 46137344, 24117248, 51380224, 12582912, 12582912, 26738688, 6553600, 13893632, 29360128, 7208960, 7208960, 15204352, 3735552, 7864320, 16515072, 4063232, 4063232, 8519680, 2097152, 2097152}, {0, 0, 822083584, 411041792, 1233125376, 675282944, 1233125376, 675282944, 371195904, 1027604480, 214958080, 557842432, 303038464, 770703360, 169869312, 414711808, 223084544, 539492352, 122552320, 119930880, 288096256, 65732608, 153747456, 359661568, 83296256, 81985536, 190840832, 44335104, 101187584, 231211008, 54263808, 53608448, 122028032, 28704768, 28377088}, {0, 0, 0, 532676608, 0, 266338304, 0, 133169152, 133169152, 0, 68681728, 66584576, 66584576, 0, 34340864, 33292288, 33292288, 0, 17170432, 24969216, 16646144, 12746752, 16646144, 0, 8585216, 12484608, 8323072, 6373376, 8323072, 0, 4292608, 6242304, 4161536, 3186688, 4161536}, {0, 0, 0, 0, 1438646272, 719323136, 2877292544, 1541406720, 822083584, 3596615680, 565182464, 1952448512, 1060634624, 3596615680, 658767872, 1952448512, 1060634624, 3147038720, 626655232, 576716800, 1701969920, 340197376, 920715264, 2517630976, 527794176, 498237440, 1355153408, 285130752, 729415680, 1888223232, 409665536, 392593408, 1011548160, 220151808, 211288064}, {0, 0, 0, 0, 0, 932184064, 0, 932184064, 1065353216, 0, 532676608, 699138048, 765722624, 0, 386531328, 466092032, 499384320, 0, 253362176, 399507456, 291307520, 206012416, 307953664, 0, 156729344, 243449856, 174784512, 125313024, 183107584, 0, 93388800, 143572992, 101957632, 73809920, 99876864}, {0, 0, 0, 0, 0, 0, 2517630976, 1258815488, 629407744, 6294077440, 674365440, 3326869504, 1753350144, 9441116160, 1326252032, 5080219648, 2732785664, 11014635520, 1815969792, 1469153280, 5956894720, 978632704, 3222503424, 11014635520, 2004631552, 1743831040, 5956894720, 1084661760, 3222503424, 9913171968, 1925955584, 1743831040, 5349965824, 1041309696, 944005120}, {0, 0, 0, 0, 0, 0, 0, 1631322112, 1631322112, 0, 815661056, 2446983168, 2680029184, 0, 1340014592, 2446983168, 2680029184, 0, 1346437120, 2209775616, 2039152640, 1166360576, 2213937152, 0, 1116602368, 1804025856, 1529364480, 943702016, 1645887488, 0, 832577536, 1328050176, 1070555136, 691148800, 951951360}, {0, 0, 0, 0, 0, 0, 0, 0, 1057030144, 0, 528515072, 0, 528515072, 0, 264257536, 0, 264257536, 0, 132128768, 396386304, 0, 202354688, 132128768, 0, 66064384, 198193152, 0, 101177344, 66064384, 0, 33032192, 99096576, 0, 50588672, 99096576}, {0, 0, 0, 0, 0, 0, 0, 0, 0, 4405854208, 314703872, 2202927104, 1101463552, 13217562624, 1337491456, 6923485184, 3619094528, 23130734592, 2989686784, 1888223232, 12352126976, 1579139072, 6591922176, 30840979456, 4672790528, 3515129856, 16600629248, 2502176768, 8935342080, 34696101888, 5844500480, 4809269248, 18724880384, 3149246464, 2588278784}, {0, 0, 0, 0, 0, 0, 0, 0, 0, 0, 536854528, 0, 0, 0, 268427264, 0, 0, 0, 134213632, 0, 0, 67106816, 0, 0, 67106816, 0, 0, 33553408, 0, 0, 33553408, 0, 0, 16776704, 0}, {0, 0, 0, 0, 0, 0, 0, 0, 0, 0, 0, 2854813696, 2854813696, 0, 1427406848, 5709627392, 6117457920, 0, 3058728960, 4893966336, 7137034240, 2752856064, 7748780032, 0, 3885629440, 6314090496, 7137034240, 3417559040, 7748780032, 0, 3896868864, 6314090496, 6244904960, 3360258048, 4577689600}, {0, 0, 0, 0, 0, 0, 0, 0, 0, 0, 0, 0, 1849802752, 0, 924901376, 0, 1849802752, 0, 924901376, 3171090432, 0, 1585545216, 1387352064, 0, 693676032, 2279221248, 0, 1146893312, 924901376, 0, 462450688, 1486448640, 0, 750507008, 1585545216}, {0, 0, 0, 0, 0, 0, 0, 0, 0, 0, 0, 0, 0, 7710244864, 550731776, 3855122432, 1927561216, 26985857024, 2615975936, 963780608, 14043660288, 1347325952, 7297196032, 53971714048, 6539939840, 3786280960, 28638052352, 3437156352, 15184461824, 80957571072, 11447353344, 8044617728, 43370127360, 6097387520, 4258336768}, {0, 0, 0, 0, 0, 0, 0, 0, 0, 0, 0, 0, 0, 0, 939495424, 0, 0, 0, 939495424, 0, 0, 536854528, 0, 0, 704621568, 0, 0, 385864192, 0, 0, 469747712, 0, 0, 251650560, 0}, {0, 0, 0, 0, 0, 0, 0, 0, 0, 0, 0, 0, 0, 0, 0, 4995923968, 4995923968, 0, 2497961984, 3746942976, 12489809920, 2587174912, 13203513344, 0, 6601756672, 10437912576, 18734714880, 6111085568, 20162121728, 0, 10100729856, 16268614656, 21857167360, 9036271104, 11661404160}, {0, 0, 0, 0, 0, 0, 0, 0, 0, 0, 0, 0, 0, 0, 0, 0, 3237154816, 0, 1618577408, 4855732224, 0, 2427866112, 4855732224, 0, 2427866112, 7977274368, 0, 3988637184, 4855732224, 0, 2427866112, 7977274368, 0, 4001381888, 8770046976}, {0, 0, 0, 0, 0, 0, 0, 0, 0, 0, 0, 0, 0, 0, 0, 0, 0, 13492928512, 963780608, 0, 6746464256, 481890304, 3373232128, 53971714048, 5059848192, 1686616064, 27949637632, 2598765568, 14456709120, 121436356608, 13974818816, 7469299712, 64091410432, 7314406400, 3855122432}, {0, 0, 0, 0, 0, 0, 0, 0, 0, 0, 0, 0, 0, 0, 0, 0, 0, 0, 1644116992, 0, 0, 822058496, 0, 0, 2466175488, 0, 0, 1350524672, 0, 0, 2466175488, 0, 0, 1350524672, 0}, {0, 0, 0, 0, 0, 0, 0, 0, 0, 0, 0, 0, 0, 0, 0, 0, 0, 0, 0, 2097544192, 0, 1048772096, 0, 0, 0, 1048772096, 0, 524386048, 0, 0, 0, 524386048, 0, 262193024, 1048772096}, {0, 0, 0, 0, 0, 0, 0, 0, 0, 0, 0, 0, 0, 0, 0, 0, 0, 0, 0, 0, 8742866944, 624490496, 8742866944, 0, 4371433472, 6557150208, 26228600832, 4839801344, 27477581824, 0, 13738790912, 21544922112, 45900051456, 13114300416, 14987771904}, {0, 0, 0, 0, 0, 0, 0, 0, 0, 0, 0, 0, 0, 0, 0, 0, 0, 0, 0, 0, 0, 1065320704, 0, 0, 0, 0, 0, 532660352, 0, 0, 0, 0, 0, 266330176, 0}, {0, 0, 0, 0, 0, 0, 0, 0, 0, 0, 0, 0, 0, 0, 0, 0, 0, 0, 0, 0, 0, 0, 5665020928, 0, 2832510464, 8497531392, 0, 4248765696, 11330041856, 0, 5665020928, 18208995840, 0, 9104497920, 19422928896}, {0, 0, 0, 0, 0, 0, 0, 0, 0, 0, 0, 0, 0, 0, 0, 0, 0, 0, 0, 0, 0, 0, 0, 23612624896, 1686616064, 0, 11806312448, 843308032, 5903156224, 106256812032, 9698042368, 2951578112, 54815022080, 4969493760, 1475789056}, {0, 0, 0, 0, 0, 0, 0, 0, 0, 0, 0, 0, 0, 0, 0, 0, 0, 0, 0, 0, 0, 0, 0, 0, 2877204736, 0, 0, 1438602368, 0, 0, 5754409472, 0, 0, 3082719360, 0}, {0, 0, 0, 0, 0, 0, 0, 0, 0, 0, 0, 0, 0, 0, 0, 0, 0, 0, 0, 0, 0, 0, 0, 0, 0, 3670702336, 0, 1835351168, 0, 0, 0, 3670702336, 0, 1835351168, 8390176768}, {0, 0, 0, 0, 0, 0, 0, 0, 0, 0, 0, 0, 0, 0, 0, 0, 0, 0, 0, 0, 0, 0, 0, 0, 0, 0, 15300017152, 1092858368, 15300017152, 0, 7650008576, 11475012864, 53550060032, 9016081536, 7650008576}, {0, 0, 0, 0, 0, 0, 0, 0, 0, 0, 0, 0, 0, 0, 0, 0, 0, 0, 0, 0, 0, 0, 0, 0, 0, 0, 0, 1864311232, 0, 0, 0, 0, 0, 1864311232, 0}, {0, 0, 0, 0, 0, 0, 0, 0, 0, 0, 0, 0, 0, 0, 0, 0, 0, 0, 0, 0, 0, 0, 0, 0, 0, 0, 0, 0, 9913786624, 0, 4956893312, 14870679936, 0, 7435339968, 14870679936}, {0, 0, 0, 0, 0, 0, 0, 0, 0, 0, 0, 0, 0, 0, 0, 0, 0, 0, 0, 0, 0, 0, 0, 0, 0, 0, 0, 0, 0, 41322093568, 2951578112, 0, 20661046784, 1475789056, 0}, {0, 0, 0, 0, 0, 0, 0, 0, 0, 0, 0, 0, 0, 0, 0, 0, 0, 0, 0, 0, 0, 0, 0, 0, 0, 0, 0, 0, 0, 0, 5035108288, 0, 0, 2517554144, 0}, {0, 0, 0, 0, 0, 0, 0, 0, 0, 0, 0, 0, 0, 0, 0, 0, 0, 0, 0, 0, 0, 0, 0, 0, 0, 0, 0, 0, 0, 0, 0, 6423729088, 0, 3211864544, 12847458176}, {0, 0, 0, 0, 0, 0, 0, 0, 0, 0, 0, 0, 0, 0, 0, 0, 0, 0, 0, 0, 0, 0, 0, 0, 0, 0, 0, 0, 0, 0, 0, 0, 26775030016, 1912502144, 0}, {0, 0, 0, 0, 0, 0, 0, 0, 0, 0, 0, 0, 0, 0, 0, 0, 0, 0, 0, 0, 0, 0, 0, 0, 0, 0, 0, 0, 0, 0, 0, 0, 0, 3262544656, 0}, {0, 0, 0, 0, 0, 0, 0, 0, 0, 0, 0, 0, 0, 0, 0, 0, 0, 0, 0, 0, 0, 0, 0, 0, 0, 0, 0, 0, 0, 0, 0, 0, 0, 0, 4162314256}}
matrix {{-536870912, -268435456, -134217728, -67108864, -67108864, -33554432, -33554432, -16777216, -8388608, -16777216, -4194304, -8388608, -4194304, -8388608, -2097152, -4194304, -2097152, -4194304, -1048576, -1048576, -2097152, -524288, -1048576, -2097152, -524288, -524288, -1048576, -262144, -524288, -1048576, -262144, -262144, -524288, -131072, -131072, -262144, -65536}, {0, -939524096, -939524096, -536870912, -704643072, -385875968, -469762048, -251658240, -134217728, -293601280, -71303168, -155189248, -81788928, -176160768, -42991616, -92274688, -48234496, -102760448, -25165824, -25165824, -53477376, -13107200, -27787264, -58720256, -14417920, -14417920, -30408704, -7471104, -15728640, -33030144, -8126464, -8126464, -17039360, -4194304, -4194304, -8781824, -2162688}, {0, 0, -1644167168, -822083584, -2466250752, -1350565888, -2466250752, -1350565888, -742391808, -2055208960, -429916160, -1115684864, -606076928, -1541406720, -339738624, -829423616, -446169088, -1078984704, -245104640, -239861760, -576192512, -131465216, -307494912, -719323136, -166592512, -163971072, -381681664, -88670208, -202375168, -462422016, -108527616, -107216896, -244056064, -57409536, -56754176, -128712704, -30343168}, {0, 0, 0, -1065353216, 0, -532676608, 0, -266338304, -266338304, 0, -137363456, -133169152, -133169152, 0, -68681728, -66584576, -66584576, 0, -34340864, -49938432, -33292288, -25493504, -33292288, 0, -17170432, -24969216, -16646144, -12746752, -16646144, 0, -8585216, -12484608, -8323072, -6373376, -8323072, -8323072, -4227072}, {0, 0, 0, 0, -2877292544, -1438646272, -5754585088, -3082813440, -1644167168, -7193231360, -1130364928, -3904897024, -2121269248, -7193231360, -1317535744, -3904897024, -2121269248, -6294077440, -1253310464, -1153433600, -3403939840, -680394752, -1841430528, -5035261952, -1055588352, -996474880, -2710306816, -570261504, -1458831360, -3776446464, -819331072, -785186816, -2023096320, -440303616, -422576128, -1083572224, -236584960}, {0, 0, 0, 0, 0, -1864368128, 0, -1864368128, -2130706432, 0, -1065353216, -1398276096, -1531445248, 0, -773062656, -932184064, -998768640, 0, -506724352, -799014912, -582615040, -412024832, -615907328, 0, -313458688, -486899712, -349569024, -250626048, -366215168, 0, -186777600, -287145984, -203915264, -147619840, -199753728, -212238336, -103006208}, {0, 0, 0, 0, 0, 0, -5035261952, -2517630976, -1258815488, -12588154880, -1348730880, -6653739008, -3506700288, -18882232320, -2652504064, -10160439296, -5465571328, -22029271040, -3631939584, -2938306560, -11913789440, -1957265408, -6445006848, -22029271040, -4009263104, -3487662080, -11913789440, -2169323520, -6445006848, -19826343936, -3851911168, -3487662080, -10699931648, -2082619392, -1888010240, -5775458304, -1126359040}, {0, 0, 0, 0, 0, 0, 0, -3262644224, -3262644224, 0, -1631322112, -4893966336, -5360058368, 0, -2680029184, -4893966336, -5360058368, 0, -2692874240, -4419551232, -4078305280, -2332721152, -4427874304, 0, -2233204736, -3608051712, -3058728960, -1887404032, -3291774976, 0, -1665155072, -2656100352, -2141110272, -1382297600, -1903902720, -2286764032, -1003528192}, {0, 0, 0, 0, 0, 0, 0, 0, -2114060288, 0, -1057030144, 0, -1057030144, 0, -528515072, 0, -528515072, 0, -264257536, -792772608, 0, -404709376, -264257536, 0, -132128768, -396386304, 0, -202354688, -132128768, 0, -66064384, -198193152, 0, -101177344, -198193152, -66064384, -101177344}, {0, 0, 0, 0, 0, 0, 0, 0, 0, -8811708416, -629407744, -4405854208, -2202927104, -26435125248, -2674982912, -13846970368, -7238189056, -46261469184, -5979373568, -3776446464, -24704253952, -3158278144, -13183844352, -61681958912, -9345581056, -7030259712, -33201258496, -5004353536, -17870684160, -69392203776, -11689000960, -9618538496, -37449760768, -6298492928, -5176557568, -20214104064, -3393904640}, {0, 0, 0, 0, 0, 0, 0, 0, 0, 0, -1073709056, 0, 0, 0, -536854528, 0, 0, 0, -268427264, 0, 0, -134213632, 0, 0, -134213632, 0, 0, -67106816, 0, 0, -67106816, 0, 0, -33553408, 0, 0, -16776704}, {0, 0, 0, 0, 0, 0, 0, 0, 0, 0, 0, -5709627392, -5709627392, 0, -2854813696, -11419254784, -12234915840, 0, -6117457920, -9787932672, -14274068480, -5505712128, -15497560064, 0, -7771258880, -12628180992, -14274068480, -6835118080, -15497560064, 0, -7793737728, -12628180992, -12489809920, -6720516096, -9155379200, -13509386240, -5002006528}, {0, 0, 0, 0, 0, 0, 0, 0, 0, 0, 0, 0, -3699605504, 0, -1849802752, 0, -3699605504, 0, -1849802752, -6342180864, 0, -3171090432, -2774704128, 0, -1387352064, -4558442496, 0, -2293786624, -1849802752, 0, -924901376, -2972897280, 0, -1501014016, -3171090432, -1156126720, -1618707456}, {0, 0, 0, 0, 0, 0, 0, 0, 0, 0, 0, 0, 0, -15420489728, -1101463552, -7710244864, -3855122432, -53971714048, -5231951872, -1927561216, -28087320576, -2694651904, -14594392064, -107943428096, -13079879680, -7572561920, -57276104704, -6874312704, -30368923648, -161915142144, -22894706688, -16089235456, -86740254720, -12194775040, -8516673536, -46458159104, -6492172288}, {0, 0, 0, 0, 0, 0, 0, 0, 0, 0, 0, 0, 0, 0, -1878990848, 0, 0, 0, -1878990848, 0, 0, -1073709056, 0, 0, -1409243136, 0, 0, -771728384, 0, 0, -939495424, 0, 0, -503301120, 0, 0, -268427264}, {0, 0, 0, 0, 0, 0, 0, 0, 0, 0, 0, 0, 0, 0, 0, -9991847936, -9991847936, 0, -4995923968, -7493885952, -24979619840, -5174349824, -26407026688, 0, -13203513344, -20875825152, -37469429760, -12222171136, -40324243456, 0, -20201459712, -32537229312, -43714334720, -18072542208, -23322808320, -47282851840, -13608433664}, {0, 0, 0, 0, 0, 0, 0, 0, 0, 0, 0, 0, 0, 0, 0, 0, -6474309632, 0, -3237154816, -9711464448, 0, -4855732224, -9711464448, 0, -4855732224, -15954548736, 0, -7977274368, -9711464448, 0, -4855732224, -15954548736, 0, -8002763776, -17540093952, -8092887040, -9026761728}, {0, 0, 0, 0, 0, 0, 0, 0, 0, 0, 0, 0, 0, 0, 0, 0, 0, -26985857024, -1927561216, 0, -13492928512, -963780608, -6746464256, -107943428096, -10119696384, -3373232128, -55899275264, -5197531136, -28913418240, -242872713216, -27949637632, -14938599424, -128182820864, -14628812800, -7710244864, -67602325504, -7651237888}, {0, 0, 0, 0, 0, 0, 0, 0, 0, 0, 0, 0, 0, 0, 0, 0, 0, 0, -3288233984, 0, 0, -1644116992, 0, 0, -4932350976, 0, 0, -2701049344, 0, 0, -4932350976, 0, 0, -2701049344, 0, 0, -1484738304}, {0, 0, 0, 0, 0, 0, 0, 0, 0, 0, 0, 0, 0, 0, 0, 0, 0, 0, 0, -4195088384, 0, -2097544192, 0, 0, 0, -2097544192, 0, -1048772096, 0, 0, 0, -1048772096, 0, -524386048, -2097544192, 0, -1065288192}, {0, 0, 0, 0, 0, 0, 0, 0, 0, 0, 0, 0, 0, 0, 0, 0, 0, 0, 0, 0, -17485733888, -1248980992, -17485733888, 0, -8742866944, -13114300416, -52457201664, -9679602688, -54955163648, 0, -27477581824, -43089844224, -91800102912, -26228600832, -29975543808, -98045007872, -20028302336}, {0, 0, 0, 0, 0, 0, 0, 0, 0, 0, 0, 0, 0, 0, 0, 0, 0, 0, 0, 0, 0, -2130641408, 0, 0, 0, 0, 0, -1065320704, 0, 0, 0, 0, 0, -532660352, 0, 0, -532660352}, {0, 0, 0, 0, 0, 0, 0, 0, 0, 0, 0, 0, 0, 0, 0, 0, 0, 0, 0, 0, 0, 0, -11330041856, 0, -5665020928, -16995062784, 0, -8497531392, -22660083712, 0, -11330041856, -36417991680, 0, -18208995840, -38845857792, -28325104640, -20636861952}, {0, 0, 0, 0, 0, 0, 0, 0, 0, 0, 0, 0, 0, 0, 0, 0, 0, 0, 0, 0, 0, 0, 0, -47225249792, -3373232128, 0, -23612624896, -1686616064, -11806312448, -212513624064, -19396084736, -5903156224, -109630044160, -9938987520, -2951578112, -56501638144, -5089966336}, {0, 0, 0, 0, 0, 0, 0, 0, 0, 0, 0, 0, 0, 0, 0, 0, 0, 0, 0, 0, 0, 0, 0, 0, -5754409472, 0, 0, -2877204736, 0, 0, -11508818944, 0, 0, -6165438720, 0, 0, -3288233984}, {0, 0, 0, 0, 0, 0, 0, 0, 0, 0, 0, 0, 0, 0, 0, 0, 0, 0, 0, 0, 0, 0, 0, 0, 0, -7341404672, 0, -3670702336, 0, 0, 0, -7341404672, 0, -3670702336, -16780353536, 0, -8390176768}, {0, 0, 0, 0, 0, 0, 0, 0, 0, 0, 0, 0, 0, 0, 0, 0, 0, 0, 0, 0, 0, 0, 0, 0, 0, 0, -30600034304, -2185716736, -30600034304, 0, -15300017152, -22950025728, -107100120064, -18032163072, -15300017152, -111471553536, -14519404032}, {0, 0, 0, 0, 0, 0, 0, 0, 0, 0, 0, 0, 0, 0, 0, 0, 0, 0, 0, 0, 0, 0, 0, 0, 0, 0, 0, -3728622464, 0, 0, 0, 0, 0, -3728622464, 0, 0, -4261282816}, {0, 0, 0, 0, 0, 0, 0, 0, 0, 0, 0, 0, 0, 0, 0, 0, 0, 0, 0, 0, 0, 0, 0, 0, 0, 0, 0, 0, -19827573248, 0, -9913786624, -29741359872, 0, -14870679936, -29741359872, -49568933120, -17703190400}, {0, 0, 0, 0, 0, 0, 0, 0, 0, 0, 0, 0, 0, 0, 0, 0, 0, 0, 0, 0, 0, 0, 0, 0, 0, 0, 0, 0, 0, -82644187136, -5903156224, 0, -41322093568, -2951578112, 0, -20661046784, -1475789056}, {0, 0, 0, 0, 0, 0, 0, 0, 0, 0, 0, 0, 0, 0, 0, 0, 0, 0, 0, 0, 0, 0, 0, 0, 0, 0, 0, 0, 0, 0, -10070216576, 0, 0, -5035108288, 0, 0, -2517554144}, {0, 0, 0, 0, 0, 0, 0, 0, 0, 0, 0, 0, 0, 0, 0, 0, 0, 0, 0, 0, 0, 0, 0, 0, 0, 0, 0, 0, 0, 0, 0, -12847458176, 0, -6423729088, -25694916352, 0, -12847458176}, {0, 0, 0, 0, 0, 0, 0, 0, 0, 0, 0, 0, 0, 0, 0, 0, 0, 0, 0, 0, 0, 0, 0, 0, 0, 0, 0, 0, 0, 0, 0, 0, -53550060032, -3825004288, 0, -53550060032, -3825004288}, {0, 0, 0, 0, 0, 0, 0, 0, 0, 0, 0, 0, 0, 0, 0, 0, 0, 0, 0, 0, 0, 0, 0, 0, 0, 0, 0, 0, 0, 0, 0, 0, 0, -6525089312, 0, 0, -6525089312}, {0, 0, 0, 0, 0, 0, 0, 0, 0, 0, 0, 0, 0, 0, 0, 0, 0, 0, 0, 0, 0, 0, 0, 0, 0, 0, 0, 0, 0, 0, 0, 0, 0, 0, -8324628512, 0, -4162314256}, {0, 0, 0, 0, 0, 0, 0, 0, 0, 0, 0, 0, 0, 0, 0, 0, 0, 0, 0, 0, 0, 0, 0, 0, 0, 0, 0, 0, 0, 0, 0, 0, 0, 0, 0, -34698253184, -2478446656}, {0, 0, 0, 0, 0, 0, 0, 0, 0, 0, 0, 0, 0, 0, 0, 0, 0, 0, 0, 0, 0, 0, 0, 0, 0, 0, 0, 0, 0, 0, 0, 0, 0, 0, 0, 0, -4227991544}}
matrix {{1073741824, 536870912, 268435456, 134217728, 134217728, 67108864, 67108864, 33554432, 16777216, 33554432, 8388608, 16777216, 8388608, 16777216, 4194304, 8388608, 4194304, 8388608, 2097152, 2097152, 4194304, 1048576, 2097152, 4194304, 1048576, 1048576, 2097152, 524288, 1048576, 2097152, 524288, 524288, 1048576, 262144, 262144, 524288, 131072, 1048576, 262144, 262144, 65536}, {0, 1879048192, 1879048192, 1073741824, 1409286144, 771751936, 939524096, 503316480, 268435456, 587202560, 142606336, 310378496, 163577856, 352321536, 85983232, 184549376, 96468992, 205520896, 50331648, 50331648, 106954752, 26214400, 55574528, 117440512, 28835840, 28835840, 60817408, 14942208, 31457280, 66060288, 16252928, 16252928, 34078720, 8388608, 8388608, 17563648, 4325376, 36700160, 9043968, 9043968, 2228224}, {0, 0, 3288334336, 1644167168, 4932501504, 2701131776, 4932501504, 2701131776, 1484783616, 4110417920, 859832320, 2231369728, 1212153856, 3082813440, 679477248, 1658847232, 892338176, 2157969408, 490209280, 479723520, 1152385024, 262930432, 614989824, 1438646272, 333185024, 327942144, 763363328, 177340416, 404750336, 924844032, 217055232, 214433792, 488112128, 114819072, 113508352, 257425408, 60686336, 578027520, 136970240, 135659520, 32374784}, {0, 0, 0, 2130706432, 0, 1065353216, 0, 532676608, 532676608, 0, 274726912, 266338304, 266338304, 0, 137363456, 133169152, 133169152, 0, 68681728, 99876864, 66584576, 50987008, 66584576, 0, 34340864, 49938432, 33292288, 25493504, 33292288, 0, 17170432, 24969216, 16646144, 12746752, 16646144, 16646144, 8454144, 0, 8585216, 12484608, 4292608}, {0, 0, 0, 0, 5754585088, 2877292544, 11509170176, 6165626880, 3288334336, 14386462720, 2260729856, 7809794048, 4242538496, 14386462720, 2635071488, 7809794048, 4242538496, 12588154880, 2506620928, 2306867200, 6807879680, 1360789504, 3682861056, 10070523904, 2111176704, 1992949760, 5420613632, 1140523008, 2917662720, 7552892928, 1638662144, 1570373632, 4046192640, 880607232, 845152256, 2167144448, 473169920, 5394923520, 1199177728, 1160445952, 263716864}, {0, 0, 0, 0, 0, 3728736256, 0, 3728736256, 4261412864, 0, 2130706432, 2796552192, 3062890496, 0, 1546125312, 1864368128, 1997537280, 0, 1013448704, 1598029824, 1165230080, 824049664, 1231814656, 0, 626917376, 973799424, 699138048, 501252096, 732430336, 0, 373555200, 574291968, 407830528, 295239680, 399507456, 424476672, 206012416, 0, 216825856, 330842112, 106266624}, {0, 0, 0, 0, 0, 0, 10070523904, 5035261952, 2517630976, 25176309760, 2697461760, 13307478016, 7013400576, 37764464640, 5305008128, 20320878592, 10931142656, 44058542080, 7263879168, 5876613120, 23827578880, 3914530816, 12890013696, 44058542080, 8018526208, 6975324160, 23827578880, 4338647040, 12890013696, 39652687872, 7703822336, 6975324160, 21399863296, 4165238784, 3776020480, 11550916608, 2252718080, 33043906560, 6719569920, 6235815936, 1331191808}, {0, 0, 0, 0, 0, 0, 0, 6525288448, 6525288448, 0, 3262644224, 9787932672, 10720116736, 0, 5360058368, 9787932672, 10720116736, 0, 5385748480, 8839102464, 8156610560, 4665442304, 8855748608, 0, 4466409472, 7216103424, 6117457920, 3774808064, 6583549952, 0, 3330310144, 5312200704, 4282220544, 2764595200, 3807805440, 4573528064, 2007056384, 0, 2318876672, 3661111296, 1056940032}, {0, 0, 0, 0, 0, 0, 0, 0, 4228120576, 0, 2114060288, 0, 2114060288, 0, 1057030144, 0, 1057030144, 0, 528515072, 1585545216, 0, 809418752, 528515072, 0, 264257536, 792772608, 0, 404709376, 264257536, 0, 132128768, 396386304, 0, 202354688, 396386304, 132128768, 202354688, 0, 66064384, 198193152, 103323648}, {0, 0, 0, 0, 0, 0, 0, 0, 0, 17623416832, 1258815488, 8811708416, 4405854208, 52870250496, 5349965824, 27693940736, 14476378112, 92522938368, 11958747136, 7552892928, 49408507904, 6316556288, 26367688704, 123363917824, 18691162112, 14060519424, 66402516992, 10008707072, 35741368320, 138784407552, 23378001920, 19237076992, 74899521536, 12596985856, 10353115136, 40428208128, 6787809280, 138784407552, 25170690048, 21825355776, 4356882432}, {0, 0, 0, 0, 0, 0, 0, 0, 0, 0, 2147418112, 0, 0, 0, 1073709056, 0, 0, 0, 536854528, 0, 0, 268427264, 0, 0, 268427264, 0, 0, 134213632, 0, 0, 134213632, 0, 0, 67106816, 0, 0, 33553408, 0, 67106816, 0, 33553408}, {0, 0, 0, 0, 0, 0, 0, 0, 0, 0, 0, 11419254784, 11419254784, 0, 5709627392, 22838509568, 24469831680, 0, 12234915840, 19575865344, 28548136960, 11011424256, 30995120128, 0, 15542517760, 25256361984, 28548136960, 13670236160, 30995120128, 0, 15587475456, 25256361984, 24979619840, 13441032192, 18310758400, 27018772480, 10004013056, 0, 13621780480, 21924532224, 5435957248}, {0, 0, 0, 0, 0, 0, 0, 0, 0, 0, 0, 0, 7399211008, 0, 3699605504, 0, 7399211008, 0, 3699605504, 12684361728, 0, 6342180864, 5549408256, 0, 2774704128, 9116884992, 0, 4587573248, 3699605504, 0, 1849802752, 5945794560, 0, 3002028032, 6342180864, 2312253440, 3237414912, 0, 1156126720, 3666573312, 1651869696}, {0, 0, 0, 0, 0, 0, 0, 0, 0, 0, 0, 0, 0, 30840979456, 2202927104, 15420489728, 7710244864, 107943428096, 10463903744, 3855122432, 56174641152, 5389303808, 29188784128, 215886856192, 26159759360, 15145123840, 114552209408, 13748625408, 60737847296, 323830284288, 45789413376, 32178470912, 173480509440, 24389550080, 17033347072, 92916318208, 12984344576, 404787855360, 63806210048, 49754120192, 9414422528}, {0, 0, 0, 0, 0, 0, 0, 0, 0, 0, 0, 0, 0, 0, 3757981696, 0, 0, 0, 3757981696, 0, 0, 2147418112, 0, 0, 2818486272, 0, 0, 1543456768, 0, 0, 1878990848, 0, 0, 1006602240, 0, 0, 536854528, 0, 1174369280, 0, 570407936}, {0, 0, 0, 0, 0, 0, 0, 0, 0, 0, 0, 0, 0, 0, 0, 19983695872, 19983695872, 0, 9991847936, 14987771904, 49959239680, 10348699648, 52814053376, 0, 26407026688, 41751650304, 74938859520, 24444342272, 80648486912, 0, 40402919424, 65074458624, 87428669440, 36145084416, 46645616640, 94565703680, 27216867328, 0, 47479541760, 76735862784, 15577942016}, {0, 0, 0, 0, 0, 0, 0, 0, 0, 0, 0, 0, 0, 0, 0, 0, 12948619264, 0, 6474309632, 19422928896, 0, 9711464448, 19422928896, 0, 9711464448, 31909097472, 0, 15954548736, 19422928896, 0, 9711464448, 31909097472, 0, 16005527552, 35080187904, 16185774080, 18053523456, 0, 8092887040, 26359689216, 9283476480}, {0, 0, 0, 0, 0, 0, 0, 0, 0, 0, 0, 0, 0, 0, 0, 0, 0, 53971714048, 3855122432, 0, 26985857024, 1927561216, 13492928512, 215886856192, 20239392768, 6746464256, 111798550528, 10395062272, 57826836480, 485745426432, 55899275264, 29877198848, 256365641728, 29257625600, 15420489728, 135204651008, 15302475776, 809575710720, 108081111040, 71250923520, 13374914560}, {0, 0, 0, 0, 0, 0, 0, 0, 0, 0, 0, 0, 0, 0, 0, 0, 0, 0, 6576467968, 0, 0, 3288233984, 0, 0, 9864701952, 0, 0, 5402098688, 0, 0, 9864701952, 0, 0, 5402098688, 0, 0, 2969476608, 0, 8220584960, 0, 3439224320}, {0, 0, 0, 0, 0, 0, 0, 0, 0, 0, 0, 0, 0, 0, 0, 0, 0, 0, 0, 8390176768, 0, 4195088384, 0, 0, 0, 4195088384, 0, 2097544192, 0, 0, 0, 2097544192, 0, 1048772096, 4195088384, 0, 2130576384, 0, 0, 1048772096, 1081804288}, {0, 0, 0, 0, 0, 0, 0, 0, 0, 0, 0, 0, 0, 0, 0, 0, 0, 0, 0, 0, 34971467776, 2497961984, 34971467776, 0, 17485733888, 26228600832, 104914403328, 19359205376, 109910327296, 0, 54955163648, 86179688448, 183600205824, 52457201664, 59951087616, 196090015744, 40056604672, 0, 98182690816, 156970146816, 25088501760}, {0, 0, 0, 0, 0, 0, 0, 0, 0, 0, 0, 0, 0, 0, 0, 0, 0, 0, 0, 0, 0, 4261282816, 0, 0, 0, 0, 0, 2130641408, 0, 0, 0, 0, 0, 1065320704, 0, 0, 1065320704, 0, 0, 0, 1098874112}, {0, 0, 0, 0, 0, 0, 0, 0, 0, 0, 0, 0, 0, 0, 0, 0, 0, 0, 0, 0, 0, 0, 22660083712, 0, 11330041856, 33990125568, 0, 16995062784, 45320167424, 0, 22660083712, 72835983360, 0, 36417991680, 77691715584, 56650209280, 41273723904, 0, 28325104640, 92258912256, 21850795008}, {0, 0, 0, 0, 0, 0, 0, 0, 0, 0, 0, 0, 0, 0, 0, 0, 0, 0, 0, 0, 0, 0, 0, 94450499584, 6746464256, 0, 47225249792, 3373232128, 23612624896, 425027248128, 38792169472, 11806312448, 219260088320, 19877975040, 5903156224, 113003276288, 10179932672, 1062568120320, 117219816448, 58188254208, 12077375744}, {0, 0, 0, 0, 0, 0, 0, 0, 0, 0, 0, 0, 0, 0, 0, 0, 0, 0, 0, 0, 0, 0, 0, 0, 11508818944, 0, 0, 5754409472, 0, 0, 23017637888, 0, 0, 12330877440, 0, 0, 6576467968, 0, 28772047360, 0, 9042643456}, {0, 0, 0, 0, 0, 0, 0, 0, 0, 0, 0, 0, 0, 0, 0, 0, 0, 0, 0, 0, 0, 0, 0, 0, 0, 14682809344, 0, 7341404672, 0, 0, 0, 14682809344, 0, 7341404672, 33560707072, 0, 16780353536, 0, 0, 11012107008, 8390176768}, {0, 0, 0, 0, 0, 0, 0, 0, 0, 0, 0, 0, 0, 0, 0, 0, 0, 0, 0, 0, 0, 0, 0, 0, 0, 0, 61200068608, 4371433472, 61200068608, 0, 30600034304, 45900051456, 214200240128, 36064326144, 30600034304, 222943107072, 29038808064, 0, 111471553536, 173764480512, 21388799488}, {0, 0, 0, 0, 0, 0, 0, 0, 0, 0, 0, 0, 0, 0, 0, 0, 0, 0, 0, 0, 0, 0, 0, 0, 0, 0, 0, 7457244928, 0, 0, 0, 0, 0, 7457244928, 0, 0, 8522565632, 0, 0, 0, 8522565632}, {0, 0, 0, 0, 0, 0, 0, 0, 0, 0, 0, 0, 0, 0, 0, 0, 0, 0, 0, 0, 0, 0, 0, 0, 0, 0, 0, 0, 39655146496, 0, 19827573248, 59482719744, 0, 29741359872, 59482719744, 99137866240, 35406380800, 0, 49568933120, 157204330752, 20535700864}, {0, 0, 0, 0, 0, 0, 0, 0, 0, 0, 0, 0, 0, 0, 0, 0, 0, 0, 0, 0, 0, 0, 0, 0, 0, 0, 0, 0, 0, 165288374272, 11806312448, 0, 82644187136, 5903156224, 0, 41322093568, 2951578112, 826441871360, 73789452800, 20661046784, 6324810240}, {0, 0, 0, 0, 0, 0, 0, 0, 0, 0, 0, 0, 0, 0, 0, 0, 0, 0, 0, 0, 0, 0, 0, 0, 0, 0, 0, 0, 0, 0, 20140433152, 0, 0, 10070216576, 0, 0, 5035108288, 0, 50351082880, 0, 10789517760}, {0, 0, 0, 0, 0, 0, 0, 0, 0, 0, 0, 0, 0, 0, 0, 0, 0, 0, 0, 0, 0, 0, 0, 0, 0, 0, 0, 0, 0, 0, 0, 25694916352, 0, 12847458176, 51389832704, 0, 25694916352, 0, 0, 38542374528, 12847458176}, {0, 0, 0, 0, 0, 0, 0, 0, 0, 0, 0, 0, 0, 0, 0, 0, 0, 0, 0, 0, 0, 0, 0, 0, 0, 0, 0, 0, 0, 0, 0, 0, 107100120064, 7650008576, 0, 107100120064, 7650008576, 0, 53550060032, 80325090048, 7650008576}, {0, 0, 0, 0, 0, 0, 0, 0, 0, 0, 0, 0, 0, 0, 0, 0, 0, 0, 0, 0, 0, 0, 0, 0, 0, 0, 0, 0, 0, 0, 0, 0, 0, 13050178624, 0, 0, 13050178624, 0, 0, 0, 13050178624}, {0, 0, 0, 0, 0, 0, 0, 0, 0, 0, 0, 0, 0, 0, 0, 0, 0, 0, 0, 0, 0, 0, 0, 0, 0, 0, 0, 0, 0, 0, 0, 0, 0, 0, 16649257024, 0, 8324628512, 0, 0, 0, 4162314256}, {0, 0, 0, 0, 0, 0, 0, 0, 0, 0, 0, 0, 0, 0, 0, 0, 0, 0, 0, 0, 0, 0, 0, 0, 0, 0, 0, 0, 0, 0, 0, 0, 0, 0, 0, 69396506368, 4956893312, 0, 34698253184, 104094759552, 4956893312}, {0, 0, 0, 0, 0, 0, 0, 0, 0, 0, 0, 0, 0, 0, 0, 0, 0, 0, 0, 0, 0, 0, 0, 0, 0, 0, 0, 0, 0, 0, 0, 0, 0, 0, 0, 0, 8455983088, 0, 0, 0, 8455983088}, {0, 0, 0, 0, 0, 0, 0, 0, 0, 0, 0, 0, 0, 0, 0, 0, 0, 0, 0, 0, 0, 0, 0, 0, 0, 0, 0, 0, 0, 0, 0, 0, 0, 0, 0, 0, 0, 289254654976, 20661046784, 0, 1475789056}, {0, 0, 0, 0, 0, 0, 0, 0, 0, 0, 0, 0, 0, 0, 0, 0, 0, 0, 0, 0, 0, 0, 0, 0, 0, 0, 0, 0, 0, 0, 0, 0, 0, 0, 0, 0, 0, 0, 35245758016, 0, 5035108288}, {0, 0, 0, 0, 0, 0, 0, 0, 0, 0, 0, 0, 0, 0, 0, 0, 0, 0, 0, 0, 0, 0, 0, 0, 0, 0, 0, 0, 0, 0, 0, 0, 0, 0, 0, 0, 0, 0, 0, 44966103616, 0}, {0, 0, 0, 0, 0, 0, 0, 0, 0, 0, 0, 0, 0, 0, 0, 0, 0, 0, 0, 0, 0, 0, 0, 0, 0, 0, 0, 0, 0, 0, 0, 0, 0, 0, 0, 0, 0, 0, 0, 0, 4294705156}}
matrix {{-2147483648, -1073741824, -536870912, -268435456, -268435456, -134217728, -134217728, -67108864, -33554432, -67108864, -16777216, -33554432, -16777216, -33554432, -8388608, -16777216, -8388608, -16777216, -4194304, -4194304, -8388608, -2097152, -4194304, -8388608, -2097152, -2097152, -4194304, -1048576, -2097152, -4194304, -1048576, -1048576, -2097152, -524288, -524288, -1048576, -262144, -2097152, -524288, -524288, -131072, -1048576, -262144, -262144, -65536}, {0, -3758096384, -3758096384, -2147483648, -2818572288, -1543503872, -1879048192, -1006632960, -536870912, -1174405120, -285212672, -620756992, -327155712, -704643072, -171966464, -369098752, -192937984, -411041792, -100663296, -100663296, -213909504, -52428800, -111149056, -234881024, -57671680, -57671680, -121634816, -29884416, -62914560, -132120576, -32505856, -32505856, -68157440, -16777216, -16777216, -35127296, -8650752, -73400320, -18087936, -18087936, -4456448, -37748736, -9306112, -9306112, -2293760}, {0, 0, -6576668672, -3288334336, -9865003008, -5402263552, -9865003008, -5402263552, -2969567232, -8220835840, -1719664640, -4462739456, -2424307712, -6165626880, -1358954496, -3317694464, -1784676352, -4315938816, -980418560, -959447040, -2304770048, -525860864, -1229979648, -2877292544, -666370048, -655884288, -1526726656, -354680832, -809500672, -1849688064, -434110464, -428867584, -976224256, -229638144, -227016704, -514850816, -121372672, -1156055040, -273940480, -271319040, -64749568, -607387648, -144179200, -142868480, -34471936}, {0, 0, 0, -4261412864, 0, -2130706432, 0, -1065353216, -1065353216, 0, -549453824, -532676608, -532676608, 0, -274726912, -266338304, -266338304, 0, -137363456, -199753728, -133169152, -101974016, -133169152, 0, -68681728, -99876864, -66584576, -50987008, -66584576, 0, -34340864, -49938432, -33292288, -25493504, -33292288, -33292288, -16908288, 0, -17170432, -24969216, -8585216, -16646144, -12746752, -16646144, -4358144}, {0, 0, 0, 0, -11509170176, -5754585088, -23018340352, -12331253760, -6576668672, -28772925440, -4521459712, -15619588096, -8485076992, -28772925440, -5270142976, -15619588096, -8485076992, -25176309760, -5013241856, -4613734400, -13615759360, -2721579008, -7365722112, -20141047808, -4222353408, -3985899520, -10841227264, -2281046016, -5835325440, -15105785856, -3277324288, -3140747264, -8092385280, -1761214464, -1690304512, -4334288896, -946339840, -10789847040, -2398355456, -2320891904, -527433728, -5754585088, -1282473984, -1242431488, -292093952}, {0, 0, 0, 0, 0, -7457472512, 0, -7457472512, -8522825728, 0, -4261412864, -5593104384, -6125780992, 0, -3092250624, -3728736256, -3995074560, 0, -2026897408, -3196059648, -2330460160, -1648099328, -2463629312, 0, -1253834752, -1947598848, -1398276096, -1002504192, -1464860672, 0, -747110400, -1148583936, -815661056, -590479360, -799014912, -848953344, -412024832, 0, -433651712, -661684224, -212533248, -466092032, -339853312, -457768960, -112263168}, {0, 0, 0, 0, 0, 0, -20141047808, -10070523904, -5035261952, -50352619520, -5394923520, -26614956032, -14026801152, -75528929280, -10610016256, -40641757184, -21862285312, -88117084160, -14527758336, -11753226240, -47655157760, -7829061632, -25780027392, -88117084160, -16037052416, -13950648320, -47655157760, -8677294080, -25780027392, -79305375744, -15407644672, -13950648320, -42799726592, -8330477568, -7552040960, -23101833216, -4505436160, -66087813120, -13439139840, -12471631872, -2662383616, -35561537536, -7247364096, -6734053376, -1542479872}, {0, 0, 0, 0, 0, 0, 0, -13050576896, -13050576896, 0, -6525288448, -19575865344, -21440233472, 0, -10720116736, -19575865344, -21440233472, 0, -10771496960, -17678204928, -16313221120, -9330884608, -17711497216, 0, -8932818944, -14432206848, -12234915840, -7549616128, -13167099904, 0, -6660620288, -10624401408, -8564441088, -5529190400, -7615610880, -9147056128, -4014112768, 0, -4637753344, -7322222592, -2113880064, -5709627392, -3797934080, -5206081536, -1179295744}, {0, 0, 0, 0, 0, 0, 0, 0, -8456241152, 0, -4228120576, 0, -4228120576, 0, -2114060288, 0, -2114060288, 0, -1057030144, -3171090432, 0, -1618837504, -1057030144, 0, -528515072, -1585545216, 0, -809418752, -528515072, 0, -264257536, -792772608, 0, -404709376, -792772608, -264257536, -404709376, 0, -132128768, -396386304, -206647296, 0, -202354688, -396386304, -103323648}, {0, 0, 0, 0, 0, 0, 0, 0, 0, -35246833664, -2517630976, -17623416832, -8811708416, -105740500992, -10699931648, -55387881472, -28952756224, -185045876736, -23917494272, -15105785856, -98817015808, -12633112576, -52735377408, -246727835648, -37382324224, -28121038848, -132805033984, -20017414144, -71482736640, -277568815104, -46756003840, -38474153984, -149799043072, -25193971712, -20706230272, -80856416256, -13575618560, -277568815104, -50341380096, -43650711552, -8713764864, -149799043072, -27175321600, -23569186816, -5300887552}, {0, 0, 0, 0, 0, 0, 0, 0, 0, 0, -4294836224, 0, 0, 0, -2147418112, 0, 0, 0, -1073709056, 0, 0, -536854528, 0, 0, -536854528, 0, 0, -268427264, 0, 0, -268427264, 0, 0, -134213632, 0, 0, -67106816, 0, -134213632, 0, -67106816, 0, -67106816, 0, -33618944}, {0, 0, 0, 0, 0, 0, 0, 0, 0, 0, 0, -22838509568, -22838509568, 0, -11419254784, -45677019136, -48939663360, 0, -24469831680, -39151730688, -57096273920, -22022848512, -61990240256, 0, -31085035520, -50512723968, -57096273920, -27340472320, -61990240256, 0, -31174950912, -50512723968, -49959239680, -26882064384, -36621516800, -54037544960, -20008026112, 0, -27243560960, -43849064448, -10871914496, -39967391744, -23117115392, -31638077440, -6545260544}, {0, 0, 0, 0, 0, 0, 0, 0, 0, 0, 0, 0, -14798422016, 0, -7399211008, 0, -14798422016, 0, -7399211008, -25368723456, 0, -12684361728, -11098816512, 0, -5549408256, -18233769984, 0, -9175146496, -7399211008, 0, -3699605504, -11891589120, 0, -6004056064, -12684361728, -4624506880, -6474829824, 0, -2312253440, -7333146624, -3303739392, 0, -3710269440, -7729532928, -1750966272}, {0, 0, 0, 0, 0, 0, 0, 0, 0, 0, 0, 0, 0, -61681958912, -4405854208, -30840979456, -15420489728, -215886856192, -20927807488, -7710244864, -112349282304, -10778607616, -58377568256, -431773712384, -52319518720, -30290247680, -229104418816, -27497250816, -121475694592, -647660568576, -91578826752, -64356941824, -346961018880, -48779100160, -34066694144, -185832636416, -25968689152, -809575710720, -127612420096, -99508240384, -18828845056, -435628834816, -68479000576, -53269250048, -12002701312}, {0, 0, 0, 0, 0, 0, 0, 0, 0, 0, 0, 0, 0, 0, -7515963392, 0, 0, 0, -7515963392, 0, 0, -4294836224, 0, 0, -5636972544, 0, 0, -3086913536, 0, 0, -3757981696, 0, 0, -2013204480, 0, 0, -1073709056, 0, -2348738560, 0, -1140815872, 0, -1241476096, 0, -570407936}, {0, 0, 0, 0, 0, 0, 0, 0, 0, 0, 0, 0, 0, 0, 0, -39967391744, -39967391744, 0, -19983695872, -29975543808, -99918479360, -20697399296, -105628106752, 0, -52814053376, -83503300608, -149877719040, -48888684544, -161296973824, 0, -80805838848, -130148917248, -174857338880, -72290168832, -93291233280, -189131407360, -54433734656, 0, -94959083520, -153471725568, -31155884032, -174857338880, -83188697088, -110733271040, -20844046336}, {0, 0, 0, 0, 0, 0, 0, 0, 0, 0, 0, 0, 0, 0, 0, 0, -25897238528, 0, -12948619264, -38845857792, 0, -19422928896, -38845857792, 0, -19422928896, -63818194944, 0, -31909097472, -38845857792, 0, -19422928896, -63818194944, 0, -32011055104, -70160375808, -32371548160, -36107046912, 0, -16185774080, -52719378432, -18566952960, 0, -26512625664, -57277820928, -10869021696}, {0, 0, 0, 0, 0, 0, 0, 0, 0, 0, 0, 0, 0, 0, 0, 0, 0, -107943428096, -7710244864, 0, -53971714048, -3855122432, -26985857024, -431773712384, -40478785536, -13492928512, -223597101056, -20790124544, -115653672960, -971490852864, -111798550528, -59754397696, -512731283456, -58515251200, -30840979456, -270409302016, -30604951552, -1619151421440, -216162222080, -142501847040, -26749829120, -863547424768, -114621050880, -75037204480, -17633251328}, {0, 0, 0, 0, 0, 0, 0, 0, 0, 0, 0, 0, 0, 0, 0, 0, 0, 0, -13152935936, 0, 0, -6576467968, 0, 0, -19729403904, 0, 0, -10804197376, 0, 0, -19729403904, 0, 0, -10804197376, 0, 0, -5938953216, 0, -16441169920, 0, -6878448640, 0, -8925206528, 0, -3439224320}, {0, 0, 0, 0, 0, 0, 0, 0, 0, 0, 0, 0, 0, 0, 0, 0, 0, 0, 0, -16780353536, 0, -8390176768, 0, 0, 0, -8390176768, 0, -4195088384, 0, 0, 0, -4195088384, 0, -2097544192, -8390176768, 0, -4261152768, 0, 0, -2097544192, -2163608576, 0, -1048772096, -4195088384, -1081804288}, {0, 0, 0, 0, 0, 0, 0, 0, 0, 0, 0, 0, 0, 0, 0, 0, 0, 0, 0, 0, -69942935552, -4995923968, -69942935552, 0, -34971467776, -52457201664, -209828806656, -38718410752, -219820654592, 0, -109910327296, -172359376896, -367200411648, -104914403328, -119902175232, -392180031488, -80113209344, 0, -196365381632, -313940293632, -50177003520, -489600548864, -178964997120, -223210745856, -38677467136}, {0, 0, 0, 0, 0, 0, 0, 0, 0, 0, 0, 0, 0, 0, 0, 0, 0, 0, 0, 0, 0, -8522565632, 0, 0, 0, 0, 0, -4261282816, 0, 0, 0, 0, 0, -2130641408, 0, 0, -2130641408, 0, 0, 0, -2197748224, 0, -1065320704, 0, -1098874112}, {0, 0, 0, 0, 0, 0, 0, 0, 0, 0, 0, 0, 0, 0, 0, 0, 0, 0, 0, 0, 0, 0, -45320167424, 0, -22660083712, -67980251136, 0, -33990125568, -90640334848, 0, -45320167424, -145671966720, 0, -72835983360, -155383431168, -113300418560, -82547447808, 0, -56650209280, -184517824512, -43701590016, 0, -92437338112, -200472373248, -30620841984}, {0, 0, 0, 0, 0, 0, 0, 0, 0, 0, 0, 0, 0, 0, 0, 0, 0, 0, 0, 0, 0, 0, 0, -188900999168, -13492928512, 0, -94450499584, -6746464256, -47225249792, -850054496256, -77584338944, -23612624896, -438520176640, -39755950080, -11806312448, -226006552576, -20359865344, -2125136240640, -234439632896, -116376508416, -24154751488, -1116539834368, -122279664640, -59874870272, -15932498176}, {0, 0, 0, 0, 0, 0, 0, 0, 0, 0, 0, 0, 0, 0, 0, 0, 0, 0, 0, 0, 0, 0, 0, 0, -23017637888, 0, 0, -11508818944, 0, 0, -46035275776, 0, 0, -24661754880, 0, 0, -13152935936, 0, -57544094720, 0, -18085286912, 0, -31238222848, 0, -9042643456}, {0, 0, 0, 0, 0, 0, 0, 0, 0, 0, 0, 0, 0, 0, 0, 0, 0, 0, 0, 0, 0, 0, 0, 0, 0, -29365618688, 0, -14682809344, 0, 0, 0, -29365618688, 0, -14682809344, -67121414144, 0, -33560707072, 0, 0, -22024214016, -16780353536, 0, -11012107008, -48243516416, -9438948864}, {0, 0, 0, 0, 0, 0, 0, 0, 0, 0, 0, 0, 0, 0, 0, 0, 0, 0, 0, 0, 0, 0, 0, 0, 0, 0, -122400137216, -8742866944, -122400137216, 0, -61200068608, -91800102912, -428400480256, -72128652288, -61200068608, -445886214144, -58077616128, 0, -222943107072, -347528961024, -42777598976, -856800960512, -219664531968, -240428840960, -39749803520}, {0, 0, 0, 0, 0, 0, 0, 0, 0, 0, 0, 0, 0, 0, 0, 0, 0, 0, 0, 0, 0, 0, 0, 0, 0, 0, 0, -14914489856, 0, 0, 0, 0, 0, -14914489856, 0, 0, -17045131264, 0, 0, 0, -17045131264, 0, -11185867392, 0, -8522565632}, {0, 0, 0, 0, 0, 0, 0, 0, 0, 0, 0, 0, 0, 0, 0, 0, 0, 0, 0, 0, 0, 0, 0, 0, 0, 0, 0, 0, -79310292992, 0, -39655146496, -118965439488, 0, -59482719744, -118965439488, -198275732480, -7081276160